2176 4
1761 4
1256 4
1016 4
2175 4
723 9
2614 9
2545 10
476 10
1839 11
1687 28
2213 51
2214 51
710 51
2215 51
457 51
1392 51
1715 58
580 59
1287 59
2651 59
1627 59
609 59
615 59
105 59
1067 59
1803 77
659 77
2476 105
1721 105
2651 105
2279 110
1161 110
1262 110
567 110
1599 110
831 136
1067 170
1742 174
629 174
833 178
1509 189
1262 189
564 189
833 207
1761 223
1154 223
744 223
883 227
534 227
322 228
848 228
1721 228
2539 237
1610 244
565 244
936 246
2515 246
1687 246
1185 278
1205 319
833 345
659 354
2453 354
1803 354
1154 357
657 357
2652 357
1003 363
2377 372
1834 372
626 372
806 403
2503 403
1383 403
1037 403
1742 403
464 403
2654 403
1096 411
1488 411
2609 411
2216 421
2213 421
2466 425
1528 427
565 427
2215 457
2216 457
1201 457
2444 464
2445 464
1758 464
1800 476
1140 476
1287 481
2614 494
2241 500
657 513
565 513
1528 513
1216 526
1742 526
1007 526
565 526
2466 533
1742 533
609 534
933 534
629 534
2641 535
567 536
1016 561
2476 564
1262 564
1610 565
1038 565
1361 565
2279 565
1398 565
1528 565
1513 567
1262 567
631 567
760 567
2283 575
744 580
2444 580
2445 580
1742 580
1758 580
1256 595
2176 595
1016 595
2446 609
2447 609
2448 609
883 609
2443 615
2556 626
2558 626
883 629
2358 631
1641 637
2440 657
2442 657
1229 657
2522 657
2523 657
867 657
1254 657
871 657
1803 659
2212 708
2216 708
2212 710
2213 710
1392 710
2614 723
2093 741
1011 741
831 741
1154 744
2006 746
1303 746
1513 760
985 760
2459 760
2460 760
2448 762
1488 792
1558 792
2555 792
961 799
1834 800
820 800
889 800
1383 806
889 820
1831 824
1638 831
1733 831
2093 831
1011 831
2595 833
1641 833
1130 833
1678 833
2036 833
2495 833
2339 843
2542 843
985 848
1373 848
1800 852
1427 860
1758 860
1252 867
2439 867
871 867
2440 867
2442 867
1229 867
2522 867
2523 867
2530 871
1229 871
2652 871
1558 879
1155 881
933 883
1830 889
1831 889
1832 889
1026 916
1038 933
2530 936
1067 936
2641 936
2515 936
1728 961
2599 961
2555 961
2207 979
1957 979
1839 979
1303 979
1503 979
2176 982
1091 982
1256 982
1458 982
2175 982
1073 985
1149 985
2607 1003
1687 1003
1373 1003
2466 1007
1154 1007
1742 1007
1558 1014
2176 1016
1256 1016
2531 1026
1303 1026
2654 1037
2447 1037
2503 1038
1216 1067
2307 1067
1830 1067
2448 1067
2163 1073
2176 1091
1256 1091
1633 1096
2495 1130
1742 1154
2514 1154
2515 1154
1715 1154
1229 1155
1287 1164
1992 1185
2349 1185
1460 1185
2358 1185
2589 1185
2590 1185
2241 1191
2339 1191
1558 1191
1502 1200
2414 1200
2207 1200
2533 1201
2214 1201
1761 1205
2503 1216
2446 1216
2439 1229
2440 1229
2441 1229
2442 1229
1749 1229
1627 1229
1308 1229
1254 1229
1384 1229
2556 1249
2558 1249
2656 1252
1308 1254
2176 1256
1761 1256
2175 1256
1509 1262
2163 1303
1627 1308
1957 1355
1528 1361
2176 1382
2283 1382
1502 1382
2212 1392
1528 1398
2446 1427
1742 1427
2358 1460
2349 1460
1488 1465
2346 1469
2349 1469
2358 1469
1498 1469
2590 1469
2601 1488
2349 1498
2590 1498
2163 1502
1503 1502
2241 1503
2243 1503
1830 1513
2338 1558
2339 1558
2340 1558
2246 1595
2476 1596
2441 1599
2614 1599
2460 1599
2556 1610
2557 1610
2558 1610
2495 1641
1721 1687
1761 1721
2476 1721
2599 1728
2257 1728
2555 1728
2307 1742
2443 1742
2444 1742
2445 1742
1749 1742
1758 1742
2446 1749
2466 1758
2175 1761
1834 1833
2453 1839
2424 1839
2241 1957
2630 1957
2477 2006
2176 2175
2241 2207
2216 2212
2216 2214
2216 2215
2242 2241
2539 2242
2245 2243
2246 2243
2246 2245
2466 2279
2555 2338
2340 2339
2349 2346
2358 2349
2530 2439
2652 2439
2530 2440
2530 2442
2614 2442
2503 2444
2503 2445
2447 2446
2448 2446
2689 2459
2651 2476
2495 2494
2515 2514
2530 2515
2656 2522
2632 2539
2540 2539
2689 2554
2599 2555
2609 2601
2699 2630
2655 2654
