2544 3
208 7
281 8
1996 8
269 8
2661 12
2662 12
1318 12
1001 12
1939 19
99 26
2454 26
2455 26
122 26
123 26
1594 31
866 40
1364 40
507 40
2631 66
122 99
2604 99
2454 99
2455 99
123 99
2461 106
2454 122
2455 122
2604 123
2455 123
2604 127
914 150
1942 150
310 150
1536 186
1319 186
1672 186
1228 186
2702 186
2580 186
2676 200
1439 200
1542 216
1413 219
1542 219
507 219
821 222
2255 225
2118 229
1894 229
1053 229
1405 229
2583 247
2429 250
1413 251
1542 251
812 251
1933 251
1300 251
507 251
253 251
1413 253
507 253
507 254
1211 254
321 269
418 269
2543 269
2551 269
1347 281
2244 281
2247 281
1000 281
2705 287
2562 292
1176 295
1177 295
1325 298
991 307
1815 310
1944 310
1241 310
1945 310
1947 310
1948 310
1949 310
1950 310
990 310
352 310
1946 310
875 310
1581 310
1272 310
892 310
1450 321
1083 321
928 327
1996 327
1325 327
2063 327
2064 327
1944 336
1950 336
1413 338
1542 338
1934 338
1944 352
1294 352
385 369
2484 369
2483 385
2484 385
2114 386
2115 386
2117 386
1108 390
1413 402
1542 402
776 402
1932 402
1936 402
1940 402
507 402
1170 404
1476 404
545 422
1048 462
620 469
2412 469
1413 507
1931 507
2508 507
1933 507
1936 507
1363 507
1300 507
1940 507
1941 507
1176 507
812 507
1211 507
1286 538
2669 592
2534 620
923 620
1232 624
1024 625
2058 635
2704 641
932 662
1124 669
729 669
1086 669
954 677
2629 692
1691 700
1034 721
1221 729
2534 729
1159 729
2117 770
1894 770
1413 776
1542 776
2341 780
1413 812
1542 812
1300 812
2600 832
1049 866
1413 872
1542 872
1340 872
914 875
1942 875
1945 875
1950 875
1413 877
1542 877
1935 877
1300 877
1176 877
1177 877
1950 892
2065 918
1542 918
1098 918
1326 928
2063 928
2173 939
1112 954
2247 972
1000 972
2579 972
2580 972
1496 974
1221 981
1159 981
2697 986
1542 990
1054 990
1325 1000
2543 1000
2662 1001
1541 1005
2562 1036
1894 1049
2610 1049
1432 1049
1405 1053
1605 1054
1577 1054
1099 1054
1950 1054
1432 1054
1577 1055
1600 1059
1124 1075
2114 1083
1450 1083
1232 1083
1124 1086
2247 1086
2579 1086
1477 1098
2066 1098
2067 1098
1607 1099
1577 1099
2534 1159
1476 1170
1542 1176
1935 1176
1542 1177
1935 1177
2574 1186
2535 1186
1648 1210
1607 1221
1577 1221
1949 1221
1450 1225
2579 1225
1536 1228
2580 1228
2479 1236
1950 1241
1407 1263
1945 1272
1947 1272
1950 1272
2703 1298
1542 1300
1933 1300
2508 1300
1940 1300
1941 1300
2692 1310
2661 1318
2662 1318
2247 1325
2063 1325
2063 1326
1542 1334
1577 1334
1941 1334
1950 1334
1413 1340
1542 1340
1943 1340
1997 1347
1613 1356
1413 1363
2509 1365
2519 1365
2150 1378
1544 1378
2058 1378
1508 1405
1894 1405
1542 1413
1931 1413
1932 1413
1933 1413
1934 1413
1935 1413
1936 1413
2663 1432
1950 1432
2664 1438
2676 1439
1542 1477
2066 1477
2067 1477
2117 1508
1894 1508
2702 1536
2580 1536
1931 1542
1935 1542
1936 1542
1939 1542
1940 1542
1941 1542
1942 1542
1943 1542
1577 1542
1607 1542
2688 1554
1657 1554
2686 1554
2687 1554
2633 1563
1819 1581
2663 1605
1950 1605
2688 1657
2686 1657
2660 1673
1950 1815
1948 1819
2117 1846
1867 1846
2117 1867
2117 1894
2118 1894
1936 1932
2508 1941
1945 1944
1946 1944
1950 1944
1946 1945
1947 1945
1950 1946
1950 1947
1950 1948
2063 1996
2064 1996
2412 1997
2150 2058
2066 2065
2067 2065
2509 2114
2519 2114
2588 2114
2117 2115
2519 2115
2118 2117
2174 2173
2509 2247
2543 2247
2411 2410
2484 2483
2519 2509
2535 2534
2603 2602
2626 2625
2688 2687
