1602 6
1042 6
373 6
2119 33
2120 33
2121 33
588 33
911 33
2040 33
698 33
1051 33
286 33
2053 52
2182 52
1139 52
1467 52
2172 52
485 62
1322 63
544 74
2052 74
1517 74
1042 74
1118 74
257 80
2049 80
1117 80
2180 81
423 81
527 81
347 81
2181 95
2054 95
2182 95
2183 95
2197 95
2199 95
2200 95
2074 95
2201 95
1580 95
1838 95
693 95
1602 95
456 95
334 95
1628 95
861 95
734 95
736 95
2056 100
1602 100
802 121
1158 121
2251 121
2252 121
589 121
980 121
2144 135
137 135
2095 135
2144 137
2504 137
2329 137
2049 142
2181 142
456 142
525 142
1628 142
1976 147
1519 147
2617 166
271 166
997 182
183 182
997 183
1837 183
2472 192
2122 196
442 196
1162 245
782 245
2180 257
964 257
1388 257
365 260
2498 271
2387 271
638 271
2133 276
1463 276
1695 276
502 285
1999 285
442 286
698 286
2498 299
1484 299
2383 299
2386 299
2387 299
1921 315
1602 315
423 315
408 315
2232 315
2122 332
2615 332
665 332
693 334
813 339
423 347
525 347
408 347
2469 365
1025 373
1042 373
2329 397
665 397
2056 408
525 408
1841 408
734 408
525 423
527 423
1693 434
2408 434
1524 434
2133 434
1117 434
2120 442
588 442
2362 442
627 442
698 442
1051 442
2054 456
525 456
2199 456
667 456
544 456
2472 456
2347 456
1580 456
2219 475
839 485
2219 485
1042 485
1976 502
2325 508
1540 525
2180 525
2054 525
2181 525
2057 525
2182 525
2183 525
1628 525
2172 525
984 543
2052 544
2347 544
1580 544
2199 544
1463 555
2383 588
698 588
1158 589
980 589
642 591
2472 591
1423 591
1078 591
1017 591
1104 597
1628 597
1475 614
2470 614
888 614
2122 627
2335 627
2233 636
808 638
783 638
2387 638
924 638
893 638
2472 642
2120 665
2122 665
2472 667
2364 667
1395 679
2199 680
2108 693
763 693
1015 698
763 707
1385 714
901 731
2199 731
2203 731
1279 731
964 734
2056 734
2197 734
2202 734
736 734
2277 734
1388 734
1006 734
751 734
1841 734
964 736
2197 736
2202 736
1631 736
1388 736
1006 736
751 736
1841 736
1204 751
2198 751
2202 751
1635 763
1061 783
2376 783
1143 783
893 783
1307 802
1307 804
2383 808
924 808
1068 810
2376 813
1158 814
2382 814
2383 814
893 814
1999 818
1921 827
1999 827
965 839
2277 839
2502 858
2182 858
2068 861
1397 861
2330 861
1475 888
1556 888
2383 893
911 893
1051 893
2186 901
1042 901
2199 901
2073 901
1279 901
2376 911
1051 911
1534 911
1307 922
1406 922
2383 924
965 964
1388 964
2198 964
2197 965
1693 965
2265 984
1068 984
1837 997
1302 1006
1481 1015
1425 1015
1618 1015
2262 1015
1385 1015
1068 1015
1452 1015
1519 1015
1143 1015
1475 1017
2472 1017
1042 1025
2051 1042
2052 1042
1925 1042
2054 1042
2055 1042
2198 1042
1047 1042
2073 1042
2333 1042
1198 1042
1481 1042
1628 1042
1118 1042
1125 1042
1517 1042
2336 1046
1510 1046
2387 1046
2587 1046
1588 1047
2333 1047
2122 1051
2383 1051
2376 1061
2386 1082
1534 1082
2264 1104
2499 1117
1628 1117
2332 1125
2182 1139
2054 1139
1628 1139
2376 1143
1618 1143
2262 1143
1635 1158
2251 1158
2252 1158
2382 1158
1510 1162
2336 1202
1510 1202
2376 1202
1428 1202
2524 1202
1602 1204
1838 1204
1330 1204
2186 1279
2203 1279
2182 1285
2536 1307
2265 1322
2265 1324
2035 1324
2068 1330
1837 1330
2335 1385
2181 1388
2197 1388
1693 1391
2072 1395
2266 1395
2267 1395
2387 1406
1618 1425
2336 1428
2376 1428
1429 1428
2520 1428
2524 1428
1534 1428
2520 1429
1534 1429
2131 1463
2133 1463
1695 1463
2172 1467
2261 1474
2335 1474
2469 1475
2470 1475
1669 1481
2332 1481
2335 1481
2498 1484
2383 1484
2520 1484
2387 1510
1519 1511
2234 1515
2182 1515
2640 1519
2108 1519
1534 1519
2335 1519
2499 1524
1693 1524
2054 1540
1628 1540
1892 1580
2199 1580
2200 1580
2055 1588
2333 1588
2054 1602
2072 1602
2073 1602
2074 1602
2053 1628
2054 1628
2055 1628
2056 1628
2057 1628
1635 1628
2172 1628
2196 1631
2383 1635
1892 1669
2332 1669
2056 1680
2576 1680
2408 1693
2133 1695
2325 1768
1837 1768
2182 1838
2219 1838
2056 1841
2620 1925
2325 1991
2120 2040
2122 2040
2364 2051
2133 2054
2198 2055
2311 2056
2576 2056
2182 2072
2277 2074
2181 2074
2145 2095
2504 2095
2329 2095
2637 2120
2122 2121
2133 2131
2182 2131
2182 2133
2145 2144
2504 2144
2329 2144
2331 2144
2182 2172
2182 2180
2183 2180
2202 2181
2196 2181
2197 2181
2198 2182
2231 2182
2232 2182
2233 2182
2199 2186
2200 2199
2201 2199
2511 2203
2330 2203
2292 2231
2252 2251
2267 2266
2364 2266
2576 2311
2330 2329
2331 2329
2336 2335
2524 2336
2383 2382
2696 2615
