1702 22
39 22
1703 22
1234 22
2238 22
963 29
2645 29
1634 39
1349 39
1965 39
1522 39
2357 39
1532 39
2400 43
963 43
1653 43
152 43
1530 43
2399 43
583 75
2222 75
2223 75
2224 75
2225 75
84 75
1138 82
1634 82
2223 84
2224 84
2226 84
284 84
258 89
1157 89
1094 89
2463 89
1585 89
884 89
1653 89
1401 89
1530 89
1087 89
195 94
2263 94
675 94
934 94
1966 94
1649 94
2355 94
2357 94
2490 94
2537 117
259 117
582 140
623 140
378 148
2518 148
602 148
381 148
2236 151
2238 151
2240 152
884 152
2238 152
1639 177
726 177
2679 177
2682 177
2564 194
1451 194
2646 194
473 194
1050 194
1255 198
2681 209
243 217
2473 217
2474 217
2474 243
473 243
2647 243
2648 243
1264 248
1531 248
1964 248
1153 258
963 258
1094 258
1401 258
2645 258
1240 258
2537 259
805 275
1967 275
2250 283
1559 283
583 284
2222 284
2223 284
2224 284
2225 284
2226 284
348 320
1597 320
584 340
2463 340
2248 348
2250 348
1643 348
2681 361
1966 362
996 368
2249 368
1545 368
1194 368
428 368
1366 368
2393 368
2401 375
2434 375
963 375
2435 375
602 378
2518 381
2538 381
577 394
1063 394
1064 394
2351 394
849 394
996 428
2248 428
1257 428
2671 428
2130 430
1442 432
1597 432
1966 443
1264 443
1010 443
1531 443
2464 444
515 444
582 444
488 444
623 444
2289 444
2290 444
828 444
1569 450
2538 450
1702 463
1703 463
1964 463
1966 463
1575 473
2647 473
1181 474
2547 488
1257 492
2538 492
688 492
2673 492
2678 492
956 492
1533 492
2464 515
2465 515
1102 515
623 515
2547 515
1608 546
2127 546
906 577
849 577
870 577
1063 577
1129 577
1518 577
2351 577
2352 577
2353 577
2354 577
2548 582
2549 582
2224 583
2225 583
2464 584
623 584
2289 584
2463 584
1032 587
2464 623
2289 623
2356 675
1257 688
2130 691
963 706
805 706
2645 706
1240 706
2238 706
1044 713
2500 722
2501 722
1874 722
1273 722
1567 722
1533 726
2671 726
1401 761
1443 761
947 786
1240 789
1703 789
1793 798
1794 798
1795 798
1381 798
963 805
2236 805
2464 828
1795 828
1422 837
2248 837
2670 837
1993 849
2351 849
2248 856
1390 856
2126 870
1119 870
2353 906
2351 906
2130 912
2639 917
1893 920
2356 934
1966 946
2623 946
2565 953
2566 953
2567 953
2677 956
2529 959
2434 963
1157 963
1443 963
1703 963
2240 963
1094 963
2399 963
2400 963
2401 963
1141 963
2130 983
2248 996
1257 996
1135 996
2518 996
1966 1010
2563 1050
2564 1050
1230 1050
1569 1050
1634 1050
1380 1050
1320 1050
1081 1050
1342 1050
1518 1063
2352 1064
2351 1064
2248 1071
1257 1071
2671 1071
1135 1071
2563 1081
2434 1087
1106 1092
2501 1092
1443 1094
1653 1094
1369 1094
2464 1102
2465 1102
2290 1102
1207 1102
1874 1106
2501 1106
2671 1109
2674 1109
2675 1109
1533 1109
2125 1111
2126 1111
2129 1111
1273 1111
1119 1111
2124 1119
2125 1119
2126 1119
2127 1119
2128 1119
2129 1119
1235 1119
1697 1119
1462 1119
1273 1119
1663 1119
1518 1129
2351 1129
2352 1129
2353 1129
2248 1135
1257 1135
2671 1135
2518 1135
2678 1135
2248 1138
2250 1138
2294 1141
1401 1153
2240 1157
2463 1157
1366 1194
2670 1194
1257 1206
2671 1206
2464 1207
2290 1207
1342 1230
1702 1234
1703 1234
1966 1234
2126 1235
2577 1235
1462 1235
1443 1240
1702 1240
2237 1240
2248 1255
2248 1257
2249 1257
2518 1257
2538 1257
2671 1257
2673 1257
2677 1257
2679 1257
2678 1257
2250 1260
1559 1260
2130 1261
1531 1264
2124 1273
2125 1273
2126 1273
2129 1273
1349 1320
1491 1320
2684 1320
2501 1321
1634 1349
2684 1349
1443 1350
2248 1366
1653 1369
1530 1369
1393 1371
2586 1375
1380 1379
2564 1379
2564 1380
1794 1381
2681 1390
1585 1401
1688 1437
2462 1442
2240 1443
2645 1443
2399 1443
2681 1449
2564 1451
2248 1461
1634 1461
1611 1462
1663 1462
1697 1522
2464 1530
2240 1530
1889 1531
2648 1532
2671 1533
2248 1545
2500 1567
1874 1567
1966 1569
1653 1585
2124 1608
2126 1608
2489 1608
2124 1611
2393 1634
2679 1639
1688 1639
2577 1663
2647 1686
2671 1688
2253 1697
1703 1702
1966 1702
1970 1702
1971 1702
2238 1702
1966 1703
1967 1703
1968 1703
1969 1703
1970 1703
1971 1703
2238 1703
1795 1794
1796 1794
2464 1795
1796 1795
2299 1795
2297 1796
2500 1874
2501 1874
1890 1889
1891 1889
1893 1889
2130 1889
2130 1890
2130 1891
1965 1964
1966 1964
1971 1966
2236 1969
2238 1969
2125 2124
2126 2124
2127 2124
2126 2125
2130 2127
2129 2128
2249 2130
2224 2222
2225 2222
2224 2223
2225 2224
2226 2224
2237 2236
2238 2237
2240 2238
2239 2238
2399 2240
2249 2248
2671 2249
2518 2249
2490 2263
2464 2289
2464 2290
2496 2290
2298 2297
2299 2297
2356 2355
2357 2355
2357 2356
2434 2399
2434 2401
2435 2401
2465 2464
2648 2473
2538 2518
2566 2565
2567 2565
2679 2670
2672 2671
2673 2671
2674 2671
2675 2671
2675 2674
2682 2679
2683 2681
