2546 5
1659 5
1629 5
1632 16
970 16
2642 16
1358 34
1604 46
2366 46
1739 53
1358 53
1103 53
1737 64
2616 64
1209 64
391 68
1358 68
1358 72
1103 72
449 73
1035 73
1358 73
1745 73
1751 73
797 73
1189 73
876 73
558 73
1136 73
1723 73
1214 73
1520 83
2581 83
1358 90
817 90
155 90
156 90
1589 101
1358 101
1762 111
1358 111
1169 111
2643 111
758 111
2492 111
2169 131
834 131
326 154
1358 154
1238 154
1752 154
1753 154
1754 154
2525 154
1568 154
1444 154
364 154
819 154
1339 154
1763 155
1736 155
1358 155
817 155
1689 155
156 155
1763 156
1358 156
817 156
1689 156
1033 173
1358 173
687 173
1586 173
1169 188
1727 188
1345 202
353 202
1250 202
1173 202
817 220
913 220
376 220
817 221
364 263
732 263
1103 263
2451 268
1740 268
1722 289
1358 289
1765 290
328 290
687 290
2359 290
732 296
2685 296
1169 301
2492 301
1722 312
1740 312
1754 326
1358 326
1250 328
951 328
1694 333
1358 333
1358 337
1776 337
1499 337
1214 337
613 341
1546 341
1389 341
1358 341
389 344
2323 344
1358 346
999 346
1345 353
2507 353
1173 353
2642 358
1620 359
389 359
1483 359
1606 364
970 364
1358 364
2642 364
1306 364
1756 364
732 364
1632 364
819 364
2083 367
2451 367
672 376
704 389
905 389
1483 389
1743 389
2450 389
1077 389
2365 391
1169 439
1642 439
1280 449
2581 449
1738 466
970 466
1358 466
2546 466
1305 466
2372 480
1710 480
687 480
1426 480
2359 480
2390 489
2391 489
1358 489
1765 501
1358 501
552 524
1358 524
1169 524
1358 552
1169 552
1725 557
1189 558
1706 558
876 558
2585 558
704 562
1735 562
1483 562
2450 562
1358 613
1739 616
1358 616
2365 616
1764 628
1169 628
2546 628
1725 628
1430 632
1250 650
2083 650
1486 650
819 650
1685 650
1557 650
1756 650
2456 672
2169 683
834 683
1282 684
1358 684
2366 686
1358 686
2372 687
1033 687
1546 687
1358 687
1710 687
1586 687
2359 687
1725 687
1317 689
1292 689
1358 689
1169 689
2113 704
1412 704
969 704
1483 704
1743 704
2450 704
1756 732
2685 732
1620 742
1483 742
1743 742
1145 748
1732 748
1358 748
1103 748
1550 748
1169 748
1617 748
1374 748
1568 748
2083 752
2451 752
957 752
2450 754
1483 754
1358 754
1284 757
2421 757
1358 757
1762 758
1358 758
2492 758
1606 764
1612 764
1358 764
796 764
1723 768
1724 768
1566 768
1317 796
1358 796
1103 796
1358 797
2359 797
1763 817
1736 817
2456 817
1606 819
1358 819
1765 823
2221 823
1358 823
1169 823
1765 825
876 834
2168 834
1169 853
1762 853
1358 853
1358 876
2584 876
2168 876
1358 882
1284 902
1604 902
1358 902
1282 905
1483 905
1620 905
2597 915
1035 915
1740 915
2415 915
1358 919
2627 929
1358 929
1433 931
1358 951
2083 957
1358 957
1685 957
1557 957
2167 957
1757 957
1776 960
2650 960
1735 969
1483 969
1743 969
2450 969
1358 970
2365 970
998 976
1431 976
1281 977
1358 978
998 978
1175 987
1284 998
1103 998
1431 998
2365 998
1358 999
2168 1033
1740 1035
1486 1035
1433 1035
1317 1040
1765 1040
1358 1040
1169 1040
1358 1041
2390 1041
1466 1041
1243 1041
2113 1077
1483 1077
2450 1077
1284 1103
1480 1103
1358 1103
1748 1103
1886 1103
1887 1103
1760 1103
1888 1103
1123 1103
1520 1103
1718 1103
2560 1114
1717 1114
1358 1123
1189 1136
2359 1136
1169 1145
1358 1145
1317 1148
2220 1148
2221 1148
1747 1148
1243 1150
2220 1169
1714 1169
1719 1169
1720 1169
2492 1169
1731 1169
1734 1169
1737 1169
1358 1169
1250 1173
2359 1175
1358 1189
2359 1189
1566 1199
1716 1199
1214 1199
1737 1209
1358 1209
1745 1214
1716 1214
1499 1214
1358 1238
1358 1243
2507 1250
2612 1280
1358 1281
1746 1281
1748 1281
1283 1282
1735 1282
1483 1282
1776 1282
2324 1282
1776 1283
2324 1283
1604 1284
1358 1284
2450 1284
1317 1292
1358 1292
1358 1305
1317 1306
1739 1317
2220 1317
2221 1317
1719 1317
1720 1317
1753 1339
1358 1339
1389 1358
1444 1358
1471 1358
1480 1358
1483 1358
1492 1358
1499 1358
1516 1358
1546 1358
1550 1358
1562 1358
1565 1358
1568 1358
2597 1358
1604 1358
1620 1358
1646 1358
1709 1358
1710 1358
1711 1358
1712 1358
1714 1358
1716 1358
1717 1358
1718 1358
1719 1358
1720 1358
1722 1358
1723 1358
1724 1358
1725 1358
1726 1358
1727 1358
1732 1358
1730 1358
1731 1358
1734 1358
1735 1358
1736 1358
1737 1358
1738 1358
1739 1358
1746 1358
1740 1358
1743 1358
1744 1358
1745 1358
1747 1358
1748 1358
1755 1358
1750 1358
1751 1358
1752 1358
1753 1358
1754 1358
1756 1358
1763 1358
1757 1358
1760 1358
1762 1358
1764 1358
1765 1358
1766 1358
2597 1389
1735 1412
1483 1412
1743 1412
2450 1412
1751 1426
1718 1430
2359 1433
2323 1444
1646 1471
2208 1483
2083 1483
1726 1483
2113 1483
1735 1483
1743 1483
1620 1483
1745 1486
1765 1492
1776 1499
2612 1516
1765 1520
1750 1520
1804 1546
2169 1546
2169 1547
2083 1550
2083 1557
2168 1557
1765 1562
2365 1565
1732 1566
1895 1566
2168 1586
1745 1589
2596 1589
1750 1601
2450 1620
1659 1629
1711 1629
1756 1632
2657 1642
2658 1642
2083 1685
2585 1706
1738 1709
1739 1709
2365 1709
1730 1711
1731 1711
1765 1711
1725 1712
1727 1714
2560 1717
1731 1717
2685 1718
1765 1719
1765 1720
1724 1723
1734 1725
1740 1725
1745 1725
2334 1725
2596 1725
2597 1725
2413 1725
2168 1726
1755 1731
2597 1734
1776 1735
2324 1735
1763 1736
1888 1737
2616 1737
2365 1738
2366 1738
1766 1739
2221 1739
1750 1739
1886 1739
1804 1740
2389 1740
2390 1740
2391 1740
2392 1740
2113 1743
2450 1743
1765 1744
2596 1745
1765 1750
1766 1750
2596 1751
1754 1752
1765 1755
2642 1756
2451 1757
2492 1765
2324 1776
2451 1804
1888 1887
2168 2083
2450 2113
2169 2168
2221 2220
2525 2220
2507 2221
2372 2359
2451 2389
2451 2390
2391 2390
2451 2391
2451 2392
2415 2413
2597 2415
2452 2451
2685 2452
2561 2560
