1344 25
2317 25
2011 25
738 30
2343 30
1416 30
2162 30
697 30
771 55
323 55
1156 55
651 55
210 55
787 55
2020 55
2021 55
815 55
1079 55
1983 55
2418 57
1416 61
2162 61
1080 61
1309 61
771 65
1156 65
1293 65
2021 65
619 65
239 65
2418 65
2419 65
2628 67
282 67
540 67
2018 76
2178 76
88 76
130 88
2178 88
1288 88
1677 88
2394 88
1174 88
1309 88
415 88
162 88
300 88
815 88
1847 88
1741 88
851 88
1494 88
1882 88
2011 88
2012 88
2013 88
2014 88
2015 88
737 88
2017 88
498 88
1394 88
1908 88
1658 88
1353 97
661 97
1884 113
747 113
540 113
1076 116
1501 116
514 120
483 120
2405 120
816 120
1842 120
2017 130
1982 130
897 146
1927 146
2059 146
1907 146
1468 146
1416 149
1655 149
1080 149
323 162
1667 162
1268 162
1174 162
210 164
211 164
420 199
1869 199
1869 203
854 203
857 203
1115 203
415 204
2309 210
1671 210
1614 210
1626 210
1906 210
1907 210
1079 210
356 211
1394 211
1908 211
1909 211
1220 239
1759 239
1376 239
2021 239
619 239
1069 239
2418 239
1909 239
1274 239
838 242
2280 242
1131 242
279 242
1978 249
1884 249
621 249
578 266
809 266
2227 266
2229 266
838 270
2280 270
1195 270
279 270
1215 270
2012 272
838 279
2280 279
2344 279
1195 279
747 282
634 300
415 300
1416 305
1927 305
2020 323
498 323
1848 325
787 325
465 349
419 349
2018 356
2116 356
1259 356
498 356
1203 382
738 405
1927 405
2059 405
1275 405
2178 415
1677 415
1174 415
1309 415
1847 415
966 415
593 415
851 415
2014 415
737 415
1908 415
1869 420
1203 424
436 424
1039 436
1494 436
668 436
483 436
1131 436
878 436
816 436
498 436
1332 436
885 436
1977 436
1978 436
1979 436
1980 436
1981 436
1982 436
1985 437
718 437
498 437
1984 438
1985 438
1667 438
718 438
787 438
1983 438
1203 461
2309 461
896 465
1869 465
1403 465
1097 470
854 470
857 470
1115 470
2394 471
2013 471
514 478
2024 478
1978 478
2405 483
816 483
1131 490
1981 490
2099 490
1879 490
2105 490
1309 490
1244 493
1759 493
2419 497
2394 504
2396 504
1314 514
1978 514
1882 514
2104 516
1882 516
952 517
2105 517
2260 529
1417 529
1419 529
747 540
2527 540
809 548
1937 548
1523 548
2138 548
2512 569
1759 569
2418 572
1416 572
1105 578
1974 578
1879 578
1115 593
2394 600
2229 601
2018 621
1332 621
1978 621
2227 634
1984 651
1667 651
2024 651
885 651
1028 661
1353 661
1879 661
1880 661
1882 661
1883 661
1884 661
1885 661
1907 674
1080 697
1907 717
1416 718
2059 718
1344 724
2394 724
2395 724
2178 737
1269 737
1974 737
2136 737
1630 737
1927 738
2162 738
1080 738
1538 747
1880 753
1269 753
1927 769
1156 771
1080 771
2228 809
2229 809
1115 809
1344 815
2017 815
2018 815
1174 815
2405 816
1842 816
1980 816
868 838
2280 838
1131 838
2018 851
1309 851
1097 854
857 854
1884 854
1097 857
1246 857
2276 868
1195 868
2099 868
1844 868
1526 868
988 868
1341 868
885 878
2024 885
1039 885
1314 890
1269 890
1152 897
1410 897
1156 897
1907 897
1494 897
2295 897
1983 897
2138 944
1922 1008
1416 1008
2059 1008
2575 1008
2309 1021
2394 1027
1195 1058
1218 1079
2344 1080
2162 1080
1421 1085
2394 1085
2109 1085
2110 1085
1869 1097
1115 1097
2276 1115
1529 1115
1410 1121
1131 1121
1655 1121
2136 1121
1538 1131
2185 1131
1930 1131
1215 1131
1500 1131
2280 1131
2281 1131
1133 1131
1909 1131
1655 1131
1538 1133
2185 1133
1500 1133
1927 1152
2416 1152
2394 1174
1984 1178
2350 1178
1908 1178
1529 1178
1410 1203
1842 1203
1215 1203
2116 1218
1927 1218
1269 1227
2342 1259
1984 1266
1529 1266
2309 1268
1929 1268
1314 1269
2227 1269
1880 1269
1630 1269
1468 1275
1309 1288
2418 1293
2178 1309
1677 1309
1741 1309
1882 1309
2015 1309
2024 1332
2425 1341
1928 1344
2315 1344
1848 1376
2137 1394
1421 1396
2228 1396
1399 1396
2394 1396
2395 1396
2109 1396
2309 1399
2227 1399
2394 1399
1501 1399
2317 1403
1655 1410
1922 1416
1923 1416
1924 1416
1468 1416
2350 1417
2260 1417
1529 1417
2259 1419
2260 1419
2394 1420
2396 1420
1421 1420
2394 1421
2109 1421
2110 1421
1927 1435
2059 1435
2259 1436
1928 1447
2017 1487
2137 1487
1501 1487
1538 1500
2185 1500
2228 1501
2395 1501
2449 1523
2099 1526
1879 1526
2425 1526
1977 1526
1981 1526
1984 1529
2350 1529
1908 1529
2185 1538
1842 1538
1671 1614
2227 1630
2384 1655
2136 1655
1842 1655
2295 1655
2018 1658
1929 1671
2136 1671
2137 1671
1908 1677
2593 1741
2405 1842
2281 1842
1979 1842
1980 1842
2276 1844
2419 1848
1909 1848
2309 1869
1885 1884
2644 1885
2059 1906
1907 1906
1927 1923
1927 1924
1928 1927
1929 1927
1930 1927
2475 1928
2317 1928
1938 1937
2178 1979
2405 1979
1980 1979
2405 1980
2467 2017
2418 2021
2178 2024
2425 2099
2110 2109
2228 2227
2394 2228
2395 2228
2337 2259
2405 2281
2344 2343
2475 2344
2395 2394
2396 2394
2397 2394
2417 2416
2426 2425
2468 2467
2619 2618
