1090 15
1093 15
1271 15
2367 15
1043 21
2310 21
2578 27
2360 27
606 27
518 32
1973 32
1850 32
1190 37
2427 37
60 37
644 41
175 41
596 41
1914 41
1372 42
87 42
1616 56
1849 56
412 56
447 56
1527 60
1920 69
1926 69
1351 69
2189 69
1013 69
1914 69
604 69
2164 87
842 87
550 93
2151 93
950 93
2217 96
1521 98
973 115
1029 118
1690 118
554 118
1851 118
446 118
1343 118
2112 118
581 118
454 118
842 118
1616 118
2010 118
1507 118
2030 118
2165 118
2166 118
255 118
743 160
745 160
553 160
277 160
2009 160
2010 161
842 161
2217 175
596 175
2388 175
2135 175
1914 175
955 175
1359 181
1683 181
1013 181
1464 181
491 190
2135 190
2194 214
711 252
973 252
1973 252
2485 252
2112 255
1343 255
1464 262
1351 262
749 274
553 277
973 277
696 277
2155 280
1535 280
618 288
2296 313
2194 324
2156 324
2480 331
1527 331
1512 342
1668 355
553 366
745 366
1583 366
640 395
1147 395
2367 395
2177 398
730 398
1616 412
1849 412
711 414
1507 446
903 446
2638 447
1616 447
1849 447
935 451
2285 451
671 451
581 454
2188 454
973 454
2189 454
2190 454
1661 454
2022 454
1917 454
992 496
596 496
711 496
2457 499
2458 499
1352 506
1013 506
1914 506
1918 506
1013 510
2423 518
666 518
803 528
2308 531
606 531
1616 539
711 539
2155 539
2388 551
1127 553
745 553
1995 553
1583 553
2009 553
685 554
696 571
1570 571
1792 581
1616 581
1224 586
2155 586
2195 594
663 594
992 596
644 596
1914 596
1093 599
1271 599
1351 604
1652 604
1914 604
2230 606
2360 606
2361 606
938 618
973 630
1090 640
894 640
2420 640
765 640
1598 640
2177 644
711 644
728 644
2195 663
1973 666
1850 666
2025 671
973 671
1224 682
973 682
1570 696
993 702
1637 702
777 702
779 702
2069 702
822 702
2070 702
1368 702
2101 702
2112 711
2111 711
2480 712
850 712
1464 712
1137 725
1652 725
2071 725
2388 728
2553 728
1570 743
745 743
1239 743
1127 745
1995 745
2009 745
1333 749
2155 749
2071 755
1277 755
1147 765
2367 765
908 772
1224 778
779 778
1370 778
1914 778
1919 778
1224 779
1973 779
1592 779
1914 779
1370 779
1919 779
2100 803
1973 822
2100 830
1914 830
2016 842
2189 847
2422 847
2278 850
1464 850
2653 865
1013 880
973 880
1845 894
2367 894
2030 903
2031 903
1916 907
1351 907
1013 908
2293 921
2134 921
1914 921
1222 925
973 935
2230 938
2027 938
1512 945
2388 945
1911 945
1482 955
1914 955
2016 973
2019 973
2153 973
1583 973
1142 973
1507 989
2436 989
2285 989
1645 989
2155 993
1675 1013
1583 1013
1840 1013
1843 1013
1845 1013
1464 1013
1849 1013
1850 1013
1851 1013
1729 1013
1625 1013
1120 1013
1644 1013
1521 1013
1661 1013
2166 1029
1675 1074
1676 1074
1093 1090
1271 1090
1147 1090
1598 1090
2367 1090
1271 1093
1598 1093
2367 1093
1120 1110
1224 1110
2025 1110
2025 1120
1583 1120
2194 1120
1583 1127
2371 1147
1598 1147
2367 1147
1402 1163
2132 1163
2100 1184
1190 1184
1387 1190
1224 1222
1291 1224
1583 1224
1587 1224
1975 1224
1851 1224
1370 1224
2151 1224
2152 1224
2153 1224
2154 1224
2155 1224
2156 1224
1525 1224
1660 1224
1919 1224
2611 1239
2027 1239
2367 1271
2154 1291
1660 1291
2312 1333
2195 1333
1973 1333
1507 1343
2316 1343
1645 1343
2165 1343
1362 1351
2134 1351
2282 1351
1972 1351
1592 1351
1535 1351
2025 1357
2170 1357
2278 1359
2480 1359
1464 1359
1914 1359
1914 1362
1372 1362
1911 1368
2553 1368
2274 1370
1525 1370
2485 1370
1975 1370
1919 1370
1840 1377
2069 1377
2070 1377
2388 1377
1482 1402
1616 1402
1972 1402
1919 1402
1482 1464
1683 1464
1914 1464
2132 1482
1973 1482
1914 1485
2436 1507
1645 1507
2023 1512
1973 1525
1914 1525
2274 1527
1668 1527
2155 1535
2293 1535
1916 1535
1914 1539
1995 1583
2025 1583
2154 1587
2485 1592
2071 1592
1914 1592
2367 1598
2050 1616
1849 1616
1729 1625
1973 1637
1972 1652
2154 1660
1851 1661
1676 1675
1914 1675
1975 1676
1914 1676
2132 1683
1973 1683
2112 1690
2485 1792
2071 1840
1914 1849
2485 1851
1914 1905
2553 1911
1920 1914
2388 1914
1915 1914
1916 1914
1917 1914
1918 1914
1919 1914
2649 1915
2457 1917
1926 1920
2310 1920
2422 1920
2653 1920
2189 1926
1975 1973
2025 2009
2016 2010
2071 2016
2190 2022
2217 2023
2027 2025
2028 2025
2360 2027
2112 2030
2436 2031
2485 2050
2070 2069
2101 2100
2436 2112
2282 2135
2423 2151
2155 2153
2293 2155
2217 2164
2282 2164
2171 2170
2371 2177
2367 2177
2194 2193
2195 2194
2296 2230
2285 2284
2559 2308
2578 2360
2368 2367
2369 2367
2370 2367
2371 2367
2370 2368
2370 2369
2428 2427
2649 2457
2458 2457
