2668 14
2075 14
2077 14
158 14
2082 18
139 18
1560 18
1786 18
1505 36
2106 36
1640 36
2094 36
1552 36
1781 36
1146 36
2107 36
1160 38
862 38
863 38
1219 45
2667 45
2668 45
733 45
2303 45
401 54
1329 78
1219 78
1418 78
2487 85
2488 85
1065 85
1251 102
1448 102
109 102
1871 102
2256 102
1878 102
1623 102
1561 102
608 103
484 103
139 103
1775 103
306 103
1790 103
864 104
2210 104
1065 104
401 104
133 109
519 109
1805 109
1045 109
153 109
1789 109
426 109
2092 109
2094 109
176 109
2045 109
306 109
563 109
1337 109
318 109
1346 109
459 109
1998 109
1624 109
1769 109
236 109
1772 109
1779 109
1785 109
1787 109
124 109
2080 112
487 112
306 112
1623 112
2478 124
306 124
1622 124
1367 124
236 126
1551 126
306 126
1623 126
2045 126
2079 126
2082 133
452 133
1670 133
399 133
1777 133
1623 133
1784 133
2045 133
406 134
306 138
236 138
910 139
306 139
660 139
1780 139
1623 139
2045 139
459 153
236 153
306 153
1623 153
2045 153
180 158
180 159
790 171
775 171
1548 171
775 180
790 180
791 180
2076 180
2037 180
1020 180
608 191
1998 191
2385 191
1791 191
1348 218
781 218
2076 218
733 218
2594 218
2091 218
1020 218
2078 236
2079 236
1572 236
1072 236
306 236
2045 236
2046 236
2000 267
2373 267
670 267
306 294
2047 294
1253 302
719 302
306 302
350 302
719 303
1670 303
2143 303
2048 306
519 306
1551 306
1045 306
542 306
2078 306
2080 306
1572 306
2084 306
2085 306
2086 306
2087 306
2088 306
2089 306
2090 306
2091 306
1072 306
1584 306
608 306
1640 306
1651 306
1656 306
655 306
656 306
1193 306
1705 306
719 306
1245 306
1251 306
1770 306
1771 306
1772 306
1775 306
1779 306
1781 306
1782 306
1787 306
1797 306
1798 306
1799 306
1802 306
1805 306
308 306
1856 306
1346 306
329 306
1367 306
350 306
887 306
910 306
417 306
426 306
958 306
452 306
1490 306
487 306
1009 306
2045 306
2046 306
1253 308
1670 308
2045 308
350 308
2305 309
2268 309
383 309
2000 314
1623 314
1624 317
1785 317
563 318
2045 318
2598 329
1798 329
656 350
406 350
1623 350
2084 350
2085 350
1640 350
2089 350
2090 350
1775 350
1778 350
1782 350
678 377
1265 377
2291 377
733 377
1704 383
2268 383
733 383
1624 384
1623 384
1089 399
1769 399
2107 399
1065 401
1160 401
733 401
2505 406
505 406
1681 407
1682 407
695 407
409 407
2084 409
1681 409
1624 409
519 416
1871 417
1072 417
487 426
1772 426
1805 426
1777 426
1782 426
1789 426
486 435
1912 435
733 435
1258 452
1623 452
2305 453
2306 453
1681 459
1623 459
2081 484
1699 484
1775 484
2046 484
1367 484
542 484
2667 486
2668 486
2077 486
1798 487
655 487
859 487
2080 487
1705 487
2026 487
1772 487
1773 487
1782 487
1560 505
1304 505
1180 505
1251 505
1448 505
1258 505
1779 505
1346 519
836 519
1670 519
1998 519
1574 519
2045 519
1505 530
2094 530
1623 542
1245 542
1805 556
1623 556
1337 563
2045 563
2080 608
1623 608
2080 655
2090 656
1623 660
2606 670
733 678
1998 695
2319 695
1681 695
1682 695
948 695
1012 695
1790 695
2327 699
2045 699
2291 715
1623 719
2304 733
1160 733
1682 733
1817 733
794 733
1818 733
1329 733
2303 733
2008 733
2268 733
862 733
1265 733
2291 733
759 733
2301 733
1072 773
1505 773
2075 775
2402 781
1548 790
1160 794
1590 794
863 794
2403 836
1572 836
2078 836
1030 859
2096 859
1160 863
1590 863
2210 864
1065 864
910 887
1623 887
1624 887
2085 910
1623 910
2096 937
1304 937
1180 937
1196 943
1681 948
1682 948
1072 958
1798 958
1219 994
1329 994
2385 995
1912 995
2096 1009
1797 1012
1681 1012
1682 1012
2667 1020
2075 1020
2077 1020
1571 1045
1773 1045
1699 1065
2211 1065
1574 1066
1797 1072
1798 1072
1799 1072
1801 1072
1802 1072
1805 1072
1505 1072
1784 1072
1089 1088
2086 1089
1552 1089
1245 1144
1623 1144
1505 1146
1506 1146
2254 1146
2268 1160
1304 1180
1705 1193
1367 1196
1624 1196
2300 1196
1998 1197
1791 1197
2080 1245
1770 1245
1651 1248
2045 1248
1448 1251
1623 1251
2291 1265
1622 1270
2305 1278
2306 1278
2268 1278
1705 1289
1622 1289
1856 1335
2087 1335
2090 1335
2045 1337
2385 1338
1912 1338
1670 1346
2605 1348
2143 1367
2080 1367
1584 1367
1778 1367
1656 1367
2218 1411
2045 1448
2080 1459
2218 1459
2085 1490
2327 1490
1801 1505
1552 1505
1624 1505
1699 1505
2086 1505
2107 1505
1788 1505
1778 1552
1623 1560
1623 1561
1786 1564
1772 1564
1798 1584
2541 1591
1912 1609
1790 1609
1791 1609
1767 1623
1769 1623
1770 1623
1771 1623
1772 1623
1773 1623
1774 1623
1775 1623
1777 1623
1778 1623
1779 1623
1780 1623
1781 1623
1782 1623
1783 1623
1784 1623
1705 1624
1777 1624
1778 1624
1779 1624
1780 1624
1785 1624
1786 1624
1787 1624
1788 1624
2045 1651
1798 1656
2318 1681
2319 1681
2320 1681
2319 1682
2320 1682
2321 1682
2291 1682
1912 1704
2077 1704
2081 1705
2322 1705
1783 1767
2080 1770
1778 1771
1782 1772
2045 1772
1780 1773
1789 1773
2143 1777
2327 1778
2318 1779
1998 1781
2107 1781
1798 1782
2326 1782
2096 1784
2045 1784
2045 1787
2143 1787
2045 1791
2088 1797
2079 1802
2305 1818
2306 1818
2096 1856
2045 1856
2256 1878
2404 1912
2102 1912
2103 1912
2326 1998
2301 2008
2096 2026
2045 2026
2048 2045
2046 2045
2047 2045
2048 2046
2091 2075
2667 2075
2076 2075
2668 2075
2077 2075
2667 2076
2077 2076
2089 2085
2094 2086
2106 2094
2385 2102
2385 2103
2291 2268
2541 2303
2385 2304
2306 2305
2552 2306
2328 2327
2403 2402
2680 2594
2668 2667
