2374 20
2375 20
2269 20
2270 20
2159 23
1296 35
1913 35
895 35
2624 44
2701 44
1582 44
1579 47
163 47
1441 50
2184 70
441 70
898 92
1836 92
971 107
1650 107
1113 107
541 107
2209 108
2157 108
1647 108
2288 114
610 114
2506 114
1537 119
646 119
1959 119
1549 119
1901 119
379 119
458 125
2363 125
392 128
233 128
370 128
2270 128
441 129
701 129
1959 132
904 132
379 132
1022 132
479 132
2192 144
145 144
213 144
1593 144
1165 145
537 145
213 145
1593 145
2622 145
1056 167
2437 167
168 167
2482 167
2437 168
2438 168
520 184
1208 187
441 193
458 193
1290 212
2192 213
1593 213
610 234
2591 234
1828 238
1441 241
1826 264
844 264
1902 264
472 264
1441 265
846 273
374 273
1824 360
1409 360
1408 370
1414 370
1415 370
2269 370
1441 371
1414 371
1415 371
2375 371
1354 371
720 371
1553 371
2146 374
2147 374
2149 374
1101 374
846 374
413 374
1959 379
904 379
1898 379
1022 379
930 380
2569 380
477 380
2497 388
1899 388
1825 392
1415 392
720 392
1619 392
2269 392
739 393
1354 400
1179 410
676 410
2694 431
2695 431
2179 440
1296 440
895 440
441 440
1913 440
1537 441
2184 441
1455 441
1824 448
1826 448
1902 448
472 448
1664 455
2147 455
2486 455
1122 458
1953 458
1555 458
1276 458
1313 468
647 468
1311 468
1825 472
844 472
2029 472
559 472
1182 472
1183 472
930 477
2569 477
1328 495
2192 495
1327 495
2146 509
2148 509
1101 509
1698 537
1165 537
2192 537
1593 537
647 541
1896 541
904 541
1360 541
1022 541
1579 559
1182 559
2526 560
774 560
1313 573
643 573
2407 573
2526 585
1441 590
1954 590
1664 607
1213 607
2287 610
2288 610
2481 610
826 610
2690 611
2235 612
2407 643
1167 643
1495 645
1824 645
1826 645
1898 645
1899 645
1900 645
1901 645
1267 645
891 645
904 647
1360 647
1267 647
1441 648
1231 653
2147 658
1955 676
2235 676
2516 694
1478 694
739 701
2062 701
735 701
801 703
2497 703
1961 703
1896 709
1903 709
1441 720
739 735
1958 735
1543 735
2060 735
2061 735
2062 735
1237 735
1881 735
1958 739
1543 739
1237 739
1881 739
1441 750
1664 785
2592 793
1896 793
1902 793
1903 793
1961 801
2516 801
1470 801
1955 807
1956 807
1226 807
2528 826
2287 826
2481 840
1903 840
1902 844
2146 846
2608 891
1674 891
1187 895
1296 895
1913 895
1835 898
1836 898
2160 898
1312 904
1959 904
1360 904
2569 930
1829 940
2517 941
2659 967
1650 971
1961 1022
1962 1022
1963 1022
1168 1022
1276 1022
2482 1056
1441 1060
1829 1070
1167 1070
1470 1070
1213 1084
2146 1101
2148 1101
1242 1101
1650 1113
1441 1128
1954 1128
2275 1128
1593 1165
1955 1168
1955 1179
1579 1182
1183 1182
1824 1183
1825 1183
1354 1183
1579 1183
1188 1187
1290 1213
2528 1226
1955 1226
1956 1226
2433 1233
1958 1237
2146 1242
2148 1242
1824 1267
1962 1276
2258 1290
1910 1296
1913 1296
1312 1311
1313 1311
1313 1312
2407 1313
1328 1327
2161 1327
2160 1328
2270 1354
1960 1360
1902 1360
1904 1360
1650 1360
2491 1360
2375 1404
1826 1408
1828 1408
1829 1408
1553 1408
1826 1409
1827 1409
1828 1409
1553 1409
1415 1414
2270 1414
2269 1415
1954 1441
1700 1441
1958 1441
1707 1441
1619 1441
2271 1441
2272 1441
2273 1441
2275 1441
1537 1455
1824 1470
1953 1470
1555 1470
1902 1478
2209 1504
1647 1504
2029 1543
1881 1543
1901 1549
2286 1549
1827 1553
1953 1555
2363 1555
2497 1578
2029 1579
2269 1619
2209 1647
2160 1647
2147 1664
2608 1674
2513 1684
2486 1684
1713 1696
2160 1698
1898 1713
1825 1824
1826 1824
1827 1826
1829 1826
1828 1827
1902 1829
2160 1835
2157 1835
1958 1881
1897 1896
1903 1897
1902 1899
2510 1899
2491 1899
2608 1900
1954 1901
2286 1901
1903 1902
1904 1902
2592 1903
1960 1903
2269 1903
1960 1904
1955 1954
1956 1954
1958 1954
2275 1954
1956 1955
2235 1955
2621 1959
2491 1960
1963 1962
2147 2146
2148 2146
2486 2147
2158 2157
2159 2157
2160 2157
2160 2159
2161 2160
2270 2269
2375 2270
2288 2287
2432 2431
2438 2437
2517 2516
2701 2624
2635 2634
2636 2634
2693 2636
2666 2665
2695 2694
