1862 0
2582 0
633 0
2 1
652 1
654 1
1666 2
1986 2
1454 2
1810 13
1701 13
1315 17
1316 17
24 17
2140 17
927 17
1636 24
1701 24
201 24
598 24
2139 24
2141 24
1666 48
1031 48
2471 48
598 48
2041 48
2206 48
2205 48
1662 48
1666 49
2034 49
1986 71
2691 71
206 71
2097 79
603 79
429 86
2034 86
1336 86
330 91
2123 91
2380 91
2001 91
2034 141
740 141
1002 141
1701 143
598 143
316 143
1701 157
1870 157
598 157
2493 157
1473 165
2706 165
2707 165
598 165
1994 169
2706 169
512 172
2187 172
240 172
756 172
1692 172
1986 179
197 179
231 179
297 185
2003 185
231 197
1986 201
1701 201
297 201
598 201
570 201
2430 201
1701 205
2691 206
1986 215
1701 215
1810 224
2034 224
1701 226
1217 230
549 230
1095 230
1810 230
387 231
1701 231
232 231
1868 231
1986 232
1701 232
869 232
1864 232
1701 235
512 240
1472 240
756 240
1692 240
756 256
1701 261
1479 261
873 261
1692 291
2038 293
899 297
598 297
1857 304
1172 304
1865 311
1132 311
690 311
343 311
1868 316
845 316
1297 316
2004 316
598 316
1821 316
766 316
2123 330
1986 335
1701 335
1701 343
1810 351
2191 387
1217 396
1988 396
705 429
523 429
1807 429
2001 429
1493 429
2041 429
2043 429
2044 429
756 433
1434 445
909 445
1986 460
2532 460
1989 460
1172 467
1701 467
1708 467
1807 482
1810 482
1812 482
1814 482
576 503
2001 503
1692 503
1810 511
549 511
1472 512
756 512
1692 512
598 521
2097 522
949 523
2406 523
1701 532
1863 532
1701 547
598 547
1810 549
1497 549
1986 566
1810 568
1223 568
1116 568
2430 570
576 574
2001 574
1692 574
2348 576
1810 576
1808 579
1134 579
1297 598
1299 598
2707 598
1301 598
1821 598
1823 598
1573 598
1473 598
968 598
1864 598
1100 598
845 598
1870 598
1107 598
1875 598
1636 598
869 598
766 598
716 603
1873 603
795 603
1821 603
1107 605
705 617
2034 617
1952 622
1002 622
886 622
1951 622
1701 633
1866 633
900 639
1457 649
1171 649
1701 664
1986 673
1986 681
1445 681
1446 681
1171 681
2409 716
1810 716
1821 716
1386 727
2570 727
2033 740
1002 740
1472 756
2187 756
1692 756
1868 766
845 766
1297 766
1701 767
873 767
2314 767
1701 784
1952 788
1031 788
2033 788
2041 788
2205 788
1810 795
900 811
855 811
1816 829
1134 835
1810 835
1654 835
2034 841
2493 855
1440 869
1701 869
1864 869
1479 873
2313 873
1708 873
1701 874
1400 886
1858 899
1986 899
1862 926
1316 927
2140 927
1952 942
1665 962
1062 962
1806 962
1807 962
1808 962
1809 962
1810 962
1986 968
1603 968
2097 975
1952 1002
2033 1002
2034 1002
1489 1004
1810 1004
2378 1018
1457 1019
1986 1023
1701 1023
2568 1023
1952 1031
1701 1052
2409 1057
1192 1062
1810 1062
1986 1095
1810 1095
2613 1095
1701 1100
2379 1107
1810 1107
1223 1116
1823 1126
2570 1151
2700 1151
1986 1166
2582 1166
1295 1171
1855 1171
1621 1192
1701 1212
1679 1247
1987 1295
1810 1299
1701 1299
1315 1301
1316 1301
2140 1301
1679 1316
1701 1323
1810 1331
1576 1331
2032 1336
2033 1336
2034 1336
2570 1386
2571 1386
2698 1400
1813 1424
1621 1424
1986 1434
1701 1440
1446 1445
1986 1453
1701 1453
1457 1456
2187 1472
1692 1472
2706 1473
2707 1473
1701 1479
2034 1497
1692 1514
2698 1573
1810 1576
1665 1615
1701 1636
2139 1636
2141 1636
1952 1654
2034 1654
1666 1662
2381 1662
2398 1662
1701 1665
2034 1665
2381 1666
2140 1679
2187 1692
2345 1692
2348 1692
2302 1692
1820 1701
1852 1701
1853 1701
1854 1701
1855 1701
1857 1701
1858 1701
1859 1701
1860 1701
1861 1701
1862 1701
1863 1701
1864 1701
1865 1701
1866 1701
1868 1701
1873 1701
1870 1701
1875 1701
1872 1701
1876 1701
1877 1701
1857 1708
2313 1708
2314 1708
1809 1806
2034 1807
1810 1808
1810 1809
1811 1810
1812 1810
1813 1810
1814 1810
1816 1810
1820 1810
1821 1810
1822 1810
1823 1810
1822 1811
1986 1812
2034 1812
2550 1812
1873 1820
1986 1859
2582 1862
1986 1870
1986 1873
1986 1875
1986 1876
2573 1877
1952 1951
2204 1951
2206 1951
2204 1952
2205 1952
2206 1952
1987 1986
1988 1986
1989 1986
1990 1986
1994 1986
2001 1986
2002 1986
2003 1986
2007 1986
2004 1986
2005 1986
2004 1987
2378 2001
2123 2001
2379 2001
2380 2001
2381 2001
2002 2001
2003 2001
2348 2001
2044 2001
2379 2002
2123 2003
2042 2034
2039 2034
2041 2034
2038 2034
2042 2039
2406 2043
2098 2097
2380 2123
2140 2139
2141 2139
2142 2141
2521 2204
2493 2398
2493 2471
2572 2570
2573 2570
2707 2706
