1862 0
2582 0
633 0
2 1
654 1
1666 2
1986 2
332 2
1454 2
2176 4
1761 4
1256 4
1016 4
2175 4
2546 5
1659 5
1629 5
281 8
1996 8
269 8
723 9
2614 9
2545 10
476 10
1810 13
1701 13
2668 14
2034 14
2075 14
2077 14
158 14
1632 16
970 16
2444 16
2642 16
2145 18
2082 18
139 18
1560 18
1786 18
1939 19
1810 27
2578 27
2360 27
606 27
1687 28
2119 33
2120 33
2121 33
588 33
911 33
2040 33
698 33
1051 33
286 33
1358 34
1505 36
2106 36
1640 36
2094 36
1552 36
1781 36
1146 36
2107 36
1160 38
429 38
862 38
863 38
866 40
1364 40
507 40
1986 45
1219 45
2667 45
2668 45
733 45
2303 45
1604 46
2366 46
1666 48
1031 48
2471 48
598 48
2041 48
2206 48
2205 48
1662 48
1666 49
2034 49
2213 51
2214 51
710 51
2215 51
457 51
1392 51
2053 52
2182 52
1139 52
1467 52
2172 52
1739 53
1358 53
1103 53
401 54
767 54
1715 58
580 59
1287 59
1358 59
2651 59
1627 59
609 59
615 59
105 59
1067 59
1725 59
485 62
1737 64
2616 64
1209 64
1986 68
391 68
1358 68
1986 71
2691 71
206 71
1358 72
1103 72
449 73
1035 73
1358 73
1745 73
1751 73
797 73
1189 73
876 73
558 73
1136 73
1723 73
1214 73
1329 78
1219 78
1418 78
257 80
2049 80
1117 80
2180 81
423 81
527 81
347 81
1520 83
2581 83
2487 85
2488 85
1065 85
429 86
2034 86
1336 86
1358 90
817 90
155 90
156 90
2122 91
330 91
2123 91
2380 91
2001 91
2181 95
2054 95
2182 95
2183 95
2197 95
1303 95
2074 95
2201 95
1838 95
1602 95
1628 95
861 95
734 95
736 95
2056 100
1602 100
1589 101
281 101
1358 101
1251 102
1448 102
109 102
1871 102
2256 102
1878 102
1623 102
1561 102
608 103
484 103
139 103
1775 103
306 103
1790 103
864 104
2210 104
1065 104
401 104
2476 105
1721 105
2651 105
133 109
519 109
1805 109
1045 109
153 109
289 109
1789 109
426 109
2092 109
2093 109
2094 109
2095 109
176 109
2045 109
306 109
563 109
1337 109
318 109
1346 109
459 109
1998 109
1624 109
1769 109
236 109
1772 109
1779 109
1785 109
1787 109
124 109
2279 110
1161 110
1262 110
567 110
1599 110
1762 111
1358 111
1169 111
2643 111
758 111
2492 111
2080 112
487 112
306 112
1623 112
1158 121
2251 121
2252 121
589 121
980 121
2478 124
306 124
1622 124
1367 124
236 126
1551 126
306 126
1623 126
2045 126
2079 126
2169 131
834 131
2082 133
452 133
1670 133
399 133
1777 133
1623 133
1784 133
2045 133
406 134
2144 135
137 135
2095 135
831 136
2144 137
2504 137
2329 137
1776 138
306 138
236 138
910 139
306 139
660 139
1780 139
1623 139
2045 139
2034 141
740 141
1002 141
2049 142
2181 142
525 142
1628 142
1701 143
598 143
316 143
914 150
1942 150
310 150
459 153
236 153
306 153
1623 153
2045 153
326 154
1358 154
1238 154
1752 154
1753 154
1754 154
2525 154
1568 154
364 154
819 154
1339 154
1763 155
1736 155
1358 155
817 155
1689 155
156 155
1763 156
1358 156
817 156
1689 156
1701 157
1870 157
598 157
2493 157
1701 158
2034 158
180 158
180 159
2308 159
1473 165
2706 165
2707 165
598 165
1994 169
2706 169
1067 170
1358 170
790 171
775 171
1548 171
1033 173
1358 173
687 173
1586 173
1742 174
1358 174
629 174
2334 174
231 176
833 178
1986 179
197 179
231 179
775 180
1807 180
2004 180
790 180
791 180
2076 180
2037 180
1020 180
997 182
183 182
997 183
1837 183
297 185
2003 185
1536 186
1319 186
1672 186
1228 186
2702 186
2580 186
1169 188
1727 188
1509 189
1262 189
1072 189
564 189
608 191
1998 191
382 191
1791 191
2122 196
442 196
429 196
231 197
2412 197
1986 201
1701 201
297 201
598 201
570 201
2430 201
1345 202
353 202
1250 202
1173 202
2691 206
833 207
1290 212
1986 215
1701 215
2045 215
1701 216
1542 216
1348 218
2119 218
781 218
792 218
2076 218
733 218
482 218
2594 218
1382 218
2091 218
1020 218
1413 219
1542 219
507 219
817 220
913 220
376 220
817 221
1761 223
1154 223
744 223
1810 224
2034 224
1701 226
883 227
534 227
322 228
1358 228
1871 228
848 228
1721 228
577 230
1217 230
549 230
1095 230
1810 230
387 231
1701 231
232 231
1868 231
1986 232
1701 232
869 232
1864 232
1701 235
2078 236
2079 236
1572 236
1072 236
306 236
2045 236
2046 236
2539 237
1610 244
1358 244
1072 244
565 244
936 246
1358 246
2515 246
1687 246
1413 251
1542 251
812 251
1933 251
1300 251
507 251
253 251
1413 253
507 253
507 254
1211 254
2180 257
964 257
1388 257
1701 261
1479 261
873 261
364 263
732 263
1103 263
2451 268
1740 268
418 269
2543 269
2551 269
846 273
374 273
1347 281
2244 281
1382 281
2247 281
1000 281
746 281
442 286
698 286
1722 289
1358 289
1765 290
328 290
687 290
567 290
2359 290
2038 293
306 294
2047 294
1176 295
1177 295
732 296
2685 296
899 297
1542 297
598 297
1095 298
1325 298
607 298
1169 301
2492 301
1253 302
1158 302
719 302
306 302
350 302
719 303
1670 303
2143 303
2048 306
519 306
1551 306
1045 306
542 306
2078 306
2080 306
1572 306
2084 306
2085 306
2086 306
2087 306
2088 306
2089 306
2090 306
2091 306
1072 306
1584 306
608 306
1640 306
1651 306
1656 306
1158 306
655 306
656 306
1193 306
1705 306
719 306
1245 306
1251 306
1770 306
1771 306
1772 306
1775 306
1779 306
1781 306
1782 306
1787 306
1797 306
1798 306
1799 306
1802 306
1804 306
1805 306
308 306
1856 306
1346 306
329 306
1367 306
350 306
887 306
910 306
417 306
426 306
958 306
452 306
1483 306
1490 306
476 306
487 306
1009 306
2045 306
2046 306
1253 308
1670 308
2045 308
350 308
2305 309
2268 309
383 309
1815 310
1944 310
1241 310
1945 310
1947 310
1948 310
1949 310
1950 310
990 310
352 310
1946 310
875 310
1581 310
1331 310
1272 310
892 310
1865 311
1132 311
690 311
343 311
1610 312
1722 312
1740 312
2296 313
1602 315
423 315
408 315
2232 315
1868 316
845 316
1297 316
2004 316
598 316
920 316
1821 316
1073 316
766 316
1624 317
1785 317
1701 318
563 318
2045 318
1205 319
1754 326
1358 326
928 327
1996 327
1325 327
2063 327
2064 327
1250 328
951 328
2598 329
1798 329
1505 330
2123 330
2122 332
2003 332
2615 332
665 332
1694 333
1358 333
1986 335
1701 335
1944 336
1950 336
1358 337
1776 337
1499 337
1214 337
1413 338
1542 338
1934 338
813 339
613 341
1546 341
1389 341
1358 341
2045 341
1701 343
833 345
1358 346
999 346
423 347
525 347
408 347
656 350
406 350
1623 350
2084 350
2085 350
1640 350
2089 350
2090 350
1775 350
1778 350
1782 350
1810 351
1944 352
1294 352
1345 353
2507 353
1173 353
1154 357
1358 357
657 357
2652 357
2642 358
1620 359
389 359
1483 359
1003 363
1606 364
970 364
1358 364
2642 364
1306 364
1756 364
732 364
1632 364
819 364
2083 367
2451 367
2377 372
1834 372
1710 372
626 372
2146 374
2147 374
2149 374
1101 374
846 374
413 374
672 376
678 377
1265 377
2291 377
733 377
2034 382
1704 383
2268 383
733 383
1624 384
1623 384
519 387
2191 387
704 389
905 389
1483 389
1743 389
2450 389
1077 389
1986 391
2365 391
577 394
1063 394
1064 394
2351 394
849 394
1217 396
1988 396
2329 397
1096 397
879 397
665 397
1089 399
1769 399
2107 399
1065 401
1096 401
1160 401
733 401
1413 402
1542 402
776 402
1932 402
1936 402
1940 402
507 402
806 403
2503 403
1383 403
1037 403
1742 403
464 403
2654 403
2505 406
505 406
1681 407
1682 407
695 407
409 407
2056 408
525 408
1841 408
734 408
2084 409
1681 409
1624 409
1096 411
1577 411
1488 411
2609 411
1701 416
519 416
1871 417
1072 417
2034 417
2494 417
2216 421
2213 421
525 423
527 423
2466 425
487 426
1772 426
1805 426
1777 426
1782 426
1789 426
1528 427
565 427
705 429
523 429
1807 429
2001 429
1618 429
1493 429
794 429
863 429
1889 429
2041 429
2043 429
2044 429
2130 430
1693 434
2408 434
1524 434
1117 434
486 435
733 435
1169 439
1642 439
2120 442
588 442
2362 442
698 442
1051 442
1434 445
909 445
1280 449
1834 449
2581 449
1258 452
1623 452
2305 453
2306 453
1806 453
1664 455
2147 455
2486 455
2215 457
2216 457
1201 457
1681 459
1623 459
1986 460
2532 460
1989 460
2444 464
2445 464
1758 464
1738 466
970 466
1358 466
2546 466
1305 466
1172 467
1701 467
1708 467
620 469
2412 469
2219 475
1986 476
1800 476
1140 476
2372 480
1710 480
687 480
1426 480
598 480
2359 480
1287 481
1810 481
2291 481
823 481
2307 482
2308 482
1807 482
1810 482
1812 482
790 482
1814 482
2230 482
2081 484
1699 484
1775 484
2046 484
1367 484
542 484
839 485
2219 485
2667 486
2668 486
2077 486
1798 487
655 487
859 487
2080 487
1705 487
2026 487
1772 487
1773 487
1782 487
2390 489
2391 489
1358 489
2614 494
2241 500
1765 501
1358 501
576 503
2001 503
843 505
1560 505
1304 505
1180 505
1251 505
2083 505
1448 505
1258 505
1779 505
1413 507
1931 507
2508 507
1933 507
1936 507
1363 507
1300 507
1940 507
1941 507
1176 507
812 507
1211 507
2325 508
2146 509
2148 509
1101 509
1810 511
549 511
657 513
565 513
1528 513
1346 519
836 519
1986 519
1670 519
1998 519
598 519
1574 519
2045 519
598 521
949 523
2406 523
552 524
2476 524
1358 524
1169 524
979 524
1540 525
2180 525
2054 525
2181 525
2057 525
2182 525
2183 525
1628 525
2172 525
1216 526
1742 526
1007 526
565 526
1505 530
2094 530
2308 531
606 531
1701 532
1863 532
2466 533
1742 533
609 534
933 534
629 534
2392 535
2641 535
1623 542
1245 542
1608 546
2127 546
1701 547
598 547
1810 549
1497 549
1358 552
1169 552
2201 552
1805 556
1623 556
1725 557
1189 558
1706 558
876 558
2585 558
1016 561
704 562
1735 562
1483 562
2450 562
1701 563
1337 563
2045 563
2476 564
1262 564
1610 565
1038 565
1361 565
2279 565
687 565
1398 565
1528 565
1723 565
1513 567
1262 567
760 567
1810 568
1223 568
1116 568
2430 570
576 574
2001 574
2348 576
1810 576
665 576
906 577
849 577
870 577
1063 577
1129 577
1518 577
2351 577
2352 577
2353 577
2354 577
1808 579
994 579
1134 579
1765 580
744 580
2444 580
2445 580
1742 580
1358 580
1758 580
2383 588
698 588
1158 589
980 589
1624 589
1256 595
2176 595
1016 595
1297 598
1299 598
2707 598
1821 598
1823 598
1573 598
1473 598
968 598
1864 598
1100 598
845 598
1870 598
1107 598
1875 598
869 598
1003 598
637 598
766 598
1248 603
716 603
1873 603
2045 603
795 603
1821 603
1107 605
2534 605
1666 606
2230 606
2360 606
2361 606
1664 607
1213 607
2080 608
1623 608
1358 609
2446 609
2447 609
1041 609
2448 609
883 609
1358 613
2443 615
2503 616
1739 616
1358 616
2365 616
705 617
2034 617
2534 620
923 620
1952 622
1002 622
886 622
1951 622
1358 626
2556 626
2558 626
1764 628
1169 628
2546 628
1725 628
883 629
1430 632
1701 633
1866 633
2233 636
1641 637
808 638
1773 638
783 638
924 638
893 638
900 639
1457 649
1171 649
1250 650
2083 650
1486 650
819 650
1685 650
1557 650
1756 650
2080 655
2090 656
1729 657
2440 657
2442 657
1740 657
1229 657
2522 657
2523 657
867 657
1254 657
871 657
2147 658
1623 660
1701 664
2120 665
2122 665
1124 669
729 669
1086 669
2456 672
733 678
1986 681
1445 681
1446 681
1171 681
2169 683
834 683
1282 684
1358 684
2366 686
1358 686
2372 687
1033 687
1546 687
1610 687
1358 687
1171 687
1710 687
1586 687
2359 687
1721 687
1725 687
1317 689
1292 689
1358 689
1169 689
1721 689
2034 691
2130 691
1998 695
2319 695
1681 695
1682 695
948 695
1012 695
1336 695
1790 695
1015 698
1701 699
2327 699
2045 699
2113 704
1412 704
969 704
1483 704
1743 704
2450 704
2212 708
836 708
2216 708
1358 708
2212 710
2213 710
1392 710
2291 715
2409 716
1810 716
1821 716
1810 719
1623 719
2500 722
2501 722
1874 722
1273 722
1567 722
2614 723
1386 727
2570 727
1221 729
1701 729
2534 729
1159 729
1756 732
2685 732
1160 733
1294 733
1682 733
1817 733
794 733
1818 733
1062 733
1192 733
1329 733
2303 733
2008 733
2268 733
862 733
1265 733
2035 733
2291 733
2301 733
964 734
2056 734
2197 734
2202 734
736 734
2277 734
1388 734
1006 734
751 734
1841 734
964 736
2197 736
2202 736
1631 736
1388 736
1006 736
751 736
1841 736
2033 740
1002 740
1088 741
1282 741
2093 741
1011 741
831 741
1620 742
1483 742
1743 742
1154 744
1358 744
2006 746
1303 746
1145 748
1732 748
1358 748
1103 748
1550 748
1169 748
1617 748
1374 748
1568 748
1204 751
2198 751
2202 751
2083 752
2451 752
957 752
2450 754
1483 754
1358 754
1284 757
2421 757
1358 757
1762 758
1358 758
2492 758
1513 760
1426 760
985 760
2459 760
2460 760
2448 762
859 762
1606 764
1612 764
1358 764
796 764
1868 766
845 766
1297 766
1701 767
873 767
2314 767
1723 768
1724 768
1566 768
1072 773
1505 773
2075 775
1413 776
1542 776
2402 781
1061 783
2376 783
1143 783
893 783
960 784
1701 784
1664 785
1952 788
1031 788
2033 788
2041 788
2205 788
1548 790
1810 790
2034 791
2130 791
1986 792
1488 792
1558 792
2555 792
1160 794
1590 794
863 794
1810 795
1317 796
1358 796
1103 796
800 797
1833 797
1358 797
2359 797
961 799
1834 800
820 800
889 800
1383 806
2383 808
1785 808
924 808
900 811
855 811
1413 812
1542 812
1300 812
2376 813
1158 814
2382 814
2383 814
893 814
1763 817
1736 817
2456 817
1606 819
1358 819
889 820
1765 823
2221 823
1358 823
1169 823
1831 824
1765 825
1816 829
1638 831
1733 831
2093 831
1358 831
1011 831
2595 833
1641 833
1130 833
1678 833
2036 833
2495 833
876 834
2168 834
1134 835
1810 835
1654 835
2403 836
1572 836
2078 836
965 839
2277 839
2339 843
2542 843
2146 846
985 848
1373 848
1993 849
2351 849
1800 852
1169 853
1762 853
1358 853
2493 855
2502 858
2182 858
1030 859
1199 859
2096 859
1427 860
1758 860
2068 861
1397 861
2330 861
1160 863
1590 863
2210 864
1065 864
1049 866
1252 867
2439 867
871 867
2440 867
2442 867
1229 867
2522 867
2523 867
1440 869
1701 869
1864 869
2126 870
1119 870
2530 871
1229 871
2652 871
1413 872
1542 872
1340 872
1479 873
2313 873
1708 873
1358 873
1701 874
914 875
1942 875
1945 875
1950 875
1358 876
2584 876
2168 876
1413 877
1542 877
1935 877
1300 877
1176 877
1177 877
1558 879
1155 881
1199 881
1358 882
933 883
1400 886
910 887
1623 887
1624 887
1830 889
1831 889
1832 889
1950 892
2383 893
911 893
1051 893
1858 899
1986 899
1055 899
1284 902
1604 902
1358 902
1282 905
1483 905
1620 905
2353 906
2351 906
2085 910
1623 910
2376 911
1051 911
2130 912
2597 915
1035 915
1740 915
2415 915
1026 916
2065 918
1542 918
1098 918
1358 919
1893 920
2383 924
1862 926
1326 928
2063 928
2627 929
1358 929
1433 931
1038 933
2530 936
1067 936
2641 936
2515 936
2096 937
1304 937
1180 937
1196 943
1681 948
1682 948
1358 951
1154 957
2083 957
1358 957
1685 957
1557 957
2167 957
1757 957
1072 958
1798 958
1776 960
2650 960
1728 961
2599 961
2555 961
1665 962
1062 962
1806 962
1807 962
1808 962
1809 962
1810 962
965 964
1388 964
2198 964
2197 965
1693 965
1986 968
1603 968
1735 969
1483 969
1743 969
2450 969
1358 970
2365 970
2247 972
1000 972
2579 972
2580 972
998 976
1431 976
1281 977
1358 978
998 978
2207 979
1957 979
1303 979
1503 979
1623 980
1367 980
1221 981
1159 981
2176 982
1091 982
1256 982
1458 982
2175 982
2130 983
1358 985
1073 985
1149 985
1175 987
1542 990
1054 990
1219 994
1329 994
1837 997
1284 998
1103 998
1431 998
2365 998
1358 999
1325 1000
2543 1000
1952 1002
2033 1002
2034 1002
2607 1003
1687 1003
1373 1003
1489 1004
1810 1004
1302 1006
2466 1007
1154 1007
1742 1007
2096 1009
1797 1012
1681 1012
1682 1012
1336 1012
1558 1014
1425 1015
1618 1015
2262 1015
1452 1015
1143 1015
1788 1015
1789 1015
2176 1016
1256 1016
2378 1018
1457 1019
2667 1020
2075 1020
2077 1020
1986 1023
1701 1023
2568 1023
2531 1026
2034 1026
1303 1026
1952 1031
2168 1033
1801 1035
1833 1035
1740 1035
1486 1035
1433 1035
2654 1037
2447 1037
2503 1038
1358 1038
1317 1040
1765 1040
1358 1040
1169 1040
1358 1041
2448 1041
2390 1041
1466 1041
1243 1041
1571 1045
1773 1045
2610 1049
1432 1049
2122 1051
2383 1051
1701 1052
1605 1054
1577 1054
1099 1054
1950 1054
1432 1054
1577 1055
2409 1057
2376 1061
1196 1061
1192 1062
1810 1062
1518 1063
2352 1064
2351 1064
1699 1065
1096 1065
1574 1066
1216 1067
2307 1067
1830 1067
2448 1067
1797 1072
1798 1072
1799 1072
1800 1072
1801 1072
1802 1072
1804 1072
1805 1072
1725 1072
1733 1072
1483 1072
1740 1072
1358 1072
1505 1072
1262 1072
1784 1072
2163 1073
1124 1075
1701 1075
2113 1077
1483 1077
2450 1077
1213 1084
1124 1086
2247 1086
2579 1086
1089 1088
2086 1089
1552 1089
2176 1091
1256 1091
1106 1092
1171 1092
2501 1092
1986 1095
1325 1095
1810 1095
2613 1095
1633 1096
1477 1098
2066 1098
2067 1098
1607 1099
1577 1099
1701 1100
2146 1101
2148 1101
1242 1101
1284 1103
1480 1103
1358 1103
1748 1103
1886 1103
1887 1103
1760 1103
1888 1103
1123 1103
1520 1103
1718 1103
1874 1106
2501 1106
2243 1107
2379 1107
1810 1107
2125 1111
2126 1111
2129 1111
1273 1111
1119 1111
2560 1114
1717 1114
1223 1116
2499 1117
1628 1117
2124 1119
2125 1119
2126 1119
2127 1119
2128 1119
2129 1119
1235 1119
1697 1119
1462 1119
1273 1119
1663 1119
1358 1123
1823 1126
1518 1129
2351 1129
2352 1129
2353 1129
2495 1130
2296 1134
1189 1136
2359 1136
2554 1136
2182 1139
2054 1139
1628 1139
2376 1143
1618 1143
2262 1143
1245 1144
1623 1144
1169 1145
1358 1145
1505 1146
1506 1146
2254 1146
1317 1148
2220 1148
2221 1148
1747 1148
1986 1149
1358 1149
1243 1150
2570 1151
2700 1151
1358 1154
1742 1154
2514 1154
2515 1154
1714 1154
1715 1154
1229 1155
1635 1158
2251 1158
2252 1158
2382 1158
2534 1159
2268 1160
1287 1164
1986 1166
2582 1166
2220 1169
2476 1169
1714 1169
1719 1169
1720 1169
2492 1169
1731 1169
1734 1169
1737 1169
1358 1169
1355 1171
1295 1171
2359 1171
1855 1171
1250 1173
2359 1175
1542 1176
1935 1176
1542 1177
1935 1177
1304 1180
2574 1186
2535 1186
1358 1189
2359 1189
2241 1191
2339 1191
1558 1191
1621 1192
1705 1193
1367 1196
1624 1196
2300 1196
1998 1197
1791 1197
1566 1199
1716 1199
1214 1199
1599 1199
1502 1200
2414 1200
2207 1200
2533 1201
2214 1201
1602 1204
1838 1204
1330 1204
1761 1205
1358 1205
1737 1209
1358 1209
1701 1212
1290 1213
1745 1214
1716 1214
1499 1214
2503 1216
2446 1216
1607 1221
1577 1221
1949 1221
2579 1225
1536 1228
2580 1228
2439 1229
2440 1229
2441 1229
2442 1229
1358 1229
1749 1229
1627 1229
1308 1229
1506 1229
1254 1229
1384 1229
2126 1235
2577 1235
1462 1235
1358 1238
1701 1241
1950 1241
2146 1242
2148 1242
1358 1243
2080 1245
1770 1245
1651 1248
2045 1248
1483 1249
2556 1249
2558 1249
2507 1250
1448 1251
1623 1251
2656 1252
1308 1254
2176 1256
1761 1256
2175 1256
2130 1261
1509 1262
2291 1265
2034 1270
1622 1270
1945 1272
1947 1272
1950 1272
2124 1273
2125 1273
2126 1273
2129 1273
2034 1273
2305 1278
2306 1278
2268 1278
2612 1280
1358 1281
1746 1281
1748 1281
1283 1282
1735 1282
1483 1282
1776 1282
2324 1282
1776 1283
2324 1283
1604 1284
1358 1284
2450 1284
1358 1287
1705 1289
1622 1289
2258 1290
1317 1292
1358 1292
1987 1295
1810 1299
1701 1299
1542 1300
1933 1300
2508 1300
1940 1300
1941 1300
2163 1303
1358 1305
1317 1306
1627 1308
1739 1317
2220 1317
2221 1317
1719 1317
1720 1317
2034 1319
2501 1321
1701 1323
2247 1325
2063 1325
2063 1326
2068 1330
1837 1330
1810 1331
1576 1331
1701 1334
1542 1334
1577 1334
1941 1334
1950 1334
1856 1335
2087 1335
2090 1335
1797 1336
1452 1336
2032 1336
2033 1336
2034 1336
1701 1337
2045 1337
1753 1339
1358 1339
1413 1340
1542 1340
1943 1340
1670 1346
1997 1347
2605 1348
1810 1348
2163 1348
1957 1355
1384 1358
1389 1358
1471 1358
1480 1358
1483 1358
1492 1358
1499 1358
1516 1358
1546 1358
1550 1358
1562 1358
1565 1358
1568 1358
2597 1358
1599 1358
1604 1358
1620 1358
1646 1358
1708 1358
1709 1358
1710 1358
1711 1358
1712 1358
1714 1358
1715 1358
1716 1358
1717 1358
1718 1358
1719 1358
1720 1358
1721 1358
1722 1358
1723 1358
1724 1358
1725 1358
1726 1358
1727 1358
1732 1358
1728 1358
1729 1358
1730 1358
1731 1358
1733 1358
1734 1358
1735 1358
1736 1358
1737 1358
1738 1358
1739 1358
1746 1358
1740 1358
1742 1358
1743 1358
1744 1358
1745 1358
1747 1358
1748 1358
1749 1358
1755 1358
1750 1358
1751 1358
1752 1358
1753 1358
1754 1358
1756 1358
1763 1358
1757 1358
1758 1358
1760 1358
1761 1358
1762 1358
1764 1358
1765 1358
1766 1358
1528 1361
1413 1363
2143 1367
2080 1367
1584 1367
1778 1367
1656 1367
2176 1382
1502 1382
2570 1386
2571 1386
2181 1388
2197 1388
2597 1389
1693 1391
2212 1392
1528 1398
2698 1400
2218 1411
1735 1412
1483 1412
1743 1412
2450 1412
1542 1413
1931 1413
1932 1413
1933 1413
1934 1413
1935 1413
1936 1413
1813 1424
1621 1424
1618 1425
1751 1426
2446 1427
1742 1427
1725 1427
1718 1430
2663 1432
1950 1432
2359 1433
1986 1434
1701 1440
1446 1445
2034 1448
2045 1448
1986 1453
1701 1453
1457 1456
2080 1459
2218 1459
1611 1462
1663 1462
1488 1465
1799 1465
2172 1467
1646 1471
2706 1473
2707 1473
1542 1477
2066 1477
2067 1477
1701 1479
2208 1483
2083 1483
1726 1483
2113 1483
1735 1483
1743 1483
1620 1483
1745 1486
2601 1488
2085 1490
2327 1490
1765 1492
2034 1497
1776 1499
2163 1502
1503 1502
2241 1503
2243 1503
1801 1505
1552 1505
1624 1505
1699 1505
2086 1505
2107 1505
1788 1505
1830 1513
2234 1515
2182 1515
2612 1516
1765 1520
1750 1520
1697 1522
2680 1522
2499 1524
1693 1524
2702 1536
2580 1536
2054 1540
1628 1540
1931 1542
1935 1542
1936 1542
1939 1542
1940 1542
1941 1542
1942 1542
1943 1542
1577 1542
1607 1542
1804 1546
2169 1546
2169 1547
2083 1550
1778 1552
2591 1552
2083 1557
2168 1557
1986 1558
2338 1558
2339 1558
2340 1558
1623 1560
1623 1561
1765 1562
1786 1564
1772 1564
2365 1565
1732 1566
2500 1567
1874 1567
1654 1567
1729 1568
1776 1572
2698 1573
1986 1574
1810 1576
1810 1581
1819 1581
1798 1584
2168 1586
1745 1589
2596 1589
2541 1591
2246 1595
2476 1596
2441 1599
2614 1599
2460 1599
1750 1601
2054 1602
2072 1602
2074 1602
2663 1605
1950 1605
2124 1608
2126 1608
2489 1608
1790 1609
1791 1609
2556 1610
2557 1610
2558 1610
2124 1611
1665 1615
1789 1618
2450 1620
1767 1623
1768 1623
1769 1623
1770 1623
1771 1623
1772 1623
1773 1623
1774 1623
1775 1623
1776 1623
1777 1623
1778 1623
1779 1623
1780 1623
1781 1623
1782 1623
1783 1623
1784 1623
1705 1624
1777 1624
1778 1624
1779 1624
1780 1624
1785 1624
1786 1624
1787 1624
1788 1624
1740 1627
2053 1628
2054 1628
2055 1628
2056 1628
2057 1628
1635 1628
2172 1628
1659 1629
1711 1629
2196 1631
1756 1632
2383 1635
2495 1641
2657 1642
2658 1642
2045 1651
1952 1654
2034 1654
1798 1656
1666 1662
2381 1662
2398 1662
2577 1663
2147 1664
1701 1665
2034 1665
2381 1666
1746 1678
2056 1680
2576 1680
2318 1681
2319 1681
2320 1681
2319 1682
2320 1682
2291 1682
2513 1684
2486 1684
2083 1685
1721 1687
2408 1693
1986 1697
2253 1697
1799 1701
1820 1701
1852 1701
1853 1701
1854 1701
1855 1701
1856 1701
1857 1701
1858 1701
1859 1701
1860 1701
1861 1701
1862 1701
1863 1701
1864 1701
1865 1701
1866 1701
1868 1701
1873 1701
1870 1701
1874 1701
1875 1701
1872 1701
1876 1701
1871 1701
1877 1701
1986 1704
2077 1704
2081 1705
2322 1705
2585 1706
1857 1708
2313 1708
2314 1708
1986 1709
1738 1709
1739 1709
2365 1709
2444 1710
1730 1711
1731 1711
1765 1711
1725 1712
2446 1712
1727 1714
2446 1716
2560 1717
1731 1717
2685 1718
1765 1719
1765 1720
1761 1721
2476 1721
1724 1723
2215 1724
2216 1724
1734 1725
1740 1725
1745 1725
2334 1725
2596 1725
2597 1725
2413 1725
2168 1726
2599 1728
2257 1728
2555 1728
1755 1731
2597 1734
1776 1735
2324 1735
1763 1736
1888 1737
2616 1737
2365 1738
2366 1738
1766 1739
2221 1739
1750 1739
1886 1739
1804 1740
2389 1740
2390 1740
2391 1740
2392 1740
2307 1742
2443 1742
2444 1742
2445 1742
1749 1742
1758 1742
2113 1743
2450 1743
1765 1744
2596 1745
2446 1749
1765 1750
1766 1750
2596 1751
1754 1752
1765 1755
2642 1756
2451 1757
2466 1758
2175 1761
2492 1765
1783 1767
2325 1768
1837 1768
2080 1770
1778 1771
1782 1772
2045 1772
1780 1773
1789 1773
2324 1776
2078 1776
2045 1776
2143 1777
2327 1778
2318 1779
1998 1781
2107 1781
1798 1782
2096 1784
2045 1784
1810 1787
2045 1787
2143 1787
2045 1791
2088 1797
2451 1801
2079 1802
2451 1804
1809 1806
2034 1807
1810 1808
1810 1809
1811 1810
1812 1810
1813 1810
1814 1810
1815 1810
1816 1810
1817 1810
1818 1810
1819 1810
1820 1810
1821 1810
1822 1810
1823 1810
1822 1811
1986 1812
2034 1812
2550 1812
1950 1815
2305 1818
2306 1818
1948 1819
1873 1820
2045 1830
1834 1833
2359 1834
2182 1838
2219 1838
2056 1841
2045 1852
2096 1856
2045 1856
1986 1859
2582 1862
1986 1870
1986 1873
2500 1874
2501 1874
1986 1875
1986 1876
2573 1877
2256 1878
1888 1887
1890 1889
1891 1889
1893 1889
2034 1889
2130 1889
2039 1889
2130 1890
2034 1891
2130 1891
1936 1932
2508 1941
1945 1944
1946 1944
1950 1944
1946 1945
1947 1945
1950 1946
1950 1947
1950 1948
1952 1951
2204 1951
2206 1951
2204 1952
2205 1952
2206 1952
2241 1957
2630 1957
1987 1986
1988 1986
1989 1986
1990 1986
1991 1986
1994 1986
1993 1986
1996 1986
1997 1986
2001 1986
1998 1986
2002 1986
2003 1986
2006 1986
2007 1986
2008 1986
2004 1986
2005 1986
2004 1987
2325 1991
2063 1996
2064 1996
2412 1997
2121 2001
2378 2001
2123 2001
2379 2001
2380 2001
2381 2001
2002 2001
2003 2001
2348 2001
2044 2001
2379 2002
2123 2003
2477 2006
2301 2008
2096 2026
2045 2026
2042 2034
2130 2034
2035 2034
2036 2034
2037 2034
2039 2034
2040 2034
2041 2034
2038 2034
2042 2039
2120 2040
2122 2040
2406 2043
2048 2045
2046 2045
2047 2045
2048 2046
2198 2055
2311 2056
2576 2056
2066 2065
2067 2065
2122 2066
2182 2072
2277 2074
2181 2074
2091 2075
2667 2075
2076 2075
2668 2075
2077 2075
2667 2076
2077 2076
2168 2083
2089 2085
2094 2086
2106 2094
2145 2095
2504 2095
2329 2095
2450 2113
2637 2120
2122 2121
2123 2122
2380 2123
2125 2124
2126 2124
2127 2124
2126 2125
2130 2127
2129 2128
2145 2144
2504 2144
2329 2144
2331 2144
2147 2146
2148 2146
2486 2147
2169 2168
2182 2172
2176 2175
2182 2180
2183 2180
2202 2181
2196 2181
2197 2181
2198 2182
2231 2182
2232 2182
2233 2182
2521 2204
2241 2207
2216 2212
2216 2214
2216 2215
2221 2220
2525 2220
2507 2221
2296 2230
2292 2231
2291 2233
2242 2241
2539 2242
2244 2243
2245 2243
2246 2243
2246 2245
2247 2246
2543 2247
2252 2251
2291 2268
2466 2279
2292 2291
2541 2303
2306 2305
2552 2306
2559 2308
2576 2311
2328 2327
2330 2329
2331 2329
2555 2338
2340 2339
2372 2359
2578 2360
2383 2382
2451 2389
2451 2390
2391 2390
2451 2391
2451 2392
2493 2398
2403 2402
2414 2413
2415 2413
2597 2415
2530 2439
2652 2439
2530 2440
2530 2442
2614 2442
2503 2444
2503 2445
2447 2446
2448 2446
2452 2451
2685 2452
2689 2459
2493 2471
2651 2476
2495 2494
2515 2514
2530 2515
2656 2522
2535 2534
2632 2539
2540 2539
2689 2554
2599 2555
2561 2560
2572 2570
2573 2570
2680 2594
2609 2601
2696 2615
2699 2630
2655 2654
2668 2667
2707 2706
