2544 3
1416 6
1042 6
373 6
208 7
1839 11
1655 11
2661 12
2662 12
1318 12
1001 12
1090 15
1093 15
1271 15
2367 15
1315 17
1316 17
24 17
2140 17
927 17
2374 20
2375 20
2269 20
2270 20
1043 21
2310 21
1702 22
39 22
1703 22
1234 22
2238 22
2159 23
1636 24
2139 24
2141 24
1344 25
2317 25
1301 25
2011 25
99 26
2454 26
2455 26
122 26
123 26
963 29
2645 29
738 30
2343 30
1416 30
2162 30
697 30
1594 31
518 32
1973 32
279 32
1850 32
1296 35
1913 35
895 35
1190 37
2427 37
60 37
1634 39
1349 39
1965 39
2357 39
1532 39
644 41
175 41
596 41
1914 41
1372 42
87 42
2400 43
963 43
1653 43
152 43
1530 43
2399 43
2624 44
2701 44
1582 44
1579 47
163 47
1441 50
771 55
323 55
1156 55
651 55
210 55
787 55
2020 55
2021 55
815 55
1079 55
60 55
1983 55
1616 56
1849 56
412 56
447 56
2418 57
1527 60
1416 61
2312 61
2162 61
1080 61
1309 61
1322 63
771 65
1156 65
1293 65
543 65
2021 65
619 65
239 65
2418 65
2419 65
2631 66
2628 67
282 67
540 67
1920 69
1926 69
1351 69
2189 69
1013 69
1914 69
604 69
2184 70
441 70
544 74
2052 74
1416 74
586 74
2155 74
1517 74
1042 74
2419 74
1118 74
583 75
2222 75
2223 75
2224 75
2225 75
84 75
2018 76
2178 76
88 76
1803 77
659 77
2097 79
1138 82
1634 82
2223 84
2224 84
2226 84
284 84
2164 87
842 87
130 88
2178 88
1288 88
1677 88
2394 88
1174 88
1309 88
415 88
162 88
300 88
815 88
1713 88
1847 88
696 88
841 88
1741 88
851 88
1494 88
1882 88
2010 88
2011 88
2012 88
2013 88
2014 88
2015 88
737 88
2016 88
2017 88
743 88
498 88
1394 88
1908 88
1527 88
1658 88
258 89
1157 89
1094 89
2463 89
1585 89
884 89
1653 89
1401 89
1530 89
1087 89
898 92
1836 92
550 93
2151 93
950 93
1495 93
195 94
586 94
2263 94
675 94
934 94
1966 94
1649 94
2355 94
2357 94
2490 94
2217 96
1353 97
661 97
1521 98
122 99
2604 99
2454 99
2455 99
123 99
2461 106
971 107
1650 107
1113 107
541 107
2209 108
2157 108
1647 108
1884 113
747 113
540 113
2288 114
610 114
2506 114
973 115
1076 116
1501 116
2537 117
259 117
1538 118
388 118
1029 118
1690 118
554 118
1851 118
446 118
1343 118
2112 118
581 118
454 118
842 118
1616 118
2010 118
1507 118
2030 118
2165 118
2166 118
255 118
1537 119
646 119
1959 119
1549 119
1901 119
379 119
514 120
483 120
2405 120
816 120
1842 120
2454 122
2455 122
2604 123
2455 123
458 125
2363 125
2604 127
392 128
233 128
370 128
2270 128
441 129
701 129
2017 130
1982 130
1959 132
904 132
379 132
1022 132
479 132
582 140
623 140
2192 144
145 144
213 144
1593 144
1165 145
537 145
213 145
1593 145
2622 145
897 146
1927 146
2059 146
1907 146
1468 146
1976 147
1519 147
714 148
378 148
2518 148
602 148
381 148
1416 149
2025 149
1655 149
1080 149
2236 151
2238 151
2335 151
2240 152
884 152
2238 152
743 160
745 160
553 160
2000 160
277 160
2009 160
2010 161
842 161
323 162
1667 162
1268 162
1174 162
210 164
211 164
2617 166
271 166
1056 167
2437 167
168 167
2482 167
2437 168
2438 168
512 172
2187 172
240 172
756 172
1692 172
2217 175
596 175
2388 175
2135 175
1914 175
955 175
1639 177
726 177
2679 177
2682 177
1359 181
1683 181
1013 181
1464 181
520 184
1208 187
491 190
2135 190
2472 192
441 193
458 193
2564 194
1451 194
2646 194
473 194
1050 194
2424 195
1255 198
420 199
1869 199
2676 200
1439 200
963 203
1869 203
854 203
857 203
1115 203
415 204
1869 205
2681 209
2309 210
1671 210
1614 210
1626 210
1905 210
1906 210
1907 210
1079 210
356 211
1394 211
1908 211
1909 211
2192 213
1593 213
2194 214
243 217
2473 217
2474 217
821 222
2255 225
2118 229
1894 229
1053 229
1405 229
610 234
1828 238
1220 239
1759 239
1376 239
2021 239
619 239
1069 239
2418 239
1909 239
1274 239
512 240
1472 240
756 240
1692 240
1441 241
838 242
2280 242
1131 242
279 242
2474 243
473 243
2647 243
2648 243
1162 245
782 245
2583 247
1264 248
1531 248
1964 248
1978 249
1884 249
621 249
2429 250
711 252
973 252
1973 252
2485 252
2112 255
1266 255
1343 255
756 256
1153 258
963 258
1094 258
1401 258
2645 258
1240 258
2537 259
365 260
1464 262
1351 262
1826 264
844 264
1902 264
472 264
1441 265
578 266
809 266
2227 266
2229 266
2000 267
2373 267
670 267
838 270
2280 270
1195 270
279 270
1215 270
2498 271
1970 271
2387 271
2012 272
749 274
805 275
1967 275
2133 276
1463 276
1695 276
553 277
973 277
1869 277
696 277
1185 278
838 279
666 279
2280 279
2344 279
1195 279
304 279
2165 279
502 279
2423 279
2155 280
1535 280
747 282
2250 283
1559 283
583 284
2222 284
2223 284
2224 284
2225 284
2226 284
502 285
1999 285
2705 287
618 288
1692 291
2562 292
2498 299
1484 299
2386 299
2387 299
634 300
415 300
2423 304
1416 305
1927 305
991 307
2000 314
348 320
1597 320
1450 321
1083 321
2020 323
2022 323
498 323
2194 324
827 324
2156 324
1848 325
787 325
2480 331
1527 331
1013 334
693 334
584 340
2463 340
1512 342
2323 344
661 344
854 344
441 344
2248 348
2250 348
1643 348
465 349
419 349
2427 349
659 354
2453 354
1803 354
1668 355
2018 356
2116 356
1259 356
498 356
1824 360
1409 360
2681 361
1966 362
2469 365
553 366
745 366
1583 366
996 368
2249 368
1545 368
1194 368
428 368
1366 368
2393 368
385 369
2484 369
1408 370
1414 370
1415 370
2269 370
1441 371
1414 371
1415 371
2375 371
1354 371
720 371
1553 371
1025 373
1042 373
2401 375
2434 375
963 375
2435 375
602 378
1959 379
904 379
1898 379
1022 379
930 380
2569 380
477 380
2518 381
2538 381
2483 385
2484 385
2114 386
2115 386
2117 386
2497 388
1899 388
1108 390
1825 392
1415 392
720 392
1619 392
2269 392
739 393
640 395
1147 395
2367 395
2177 398
730 398
1354 400
1170 404
1476 404
738 405
1927 405
2059 405
1275 405
1179 410
676 410
1616 412
1849 412
711 414
2178 415
1677 415
1174 415
1309 415
818 415
1843 415
1847 415
1850 415
966 415
593 415
851 415
2014 415
737 415
1644 415
1908 415
1527 415
1869 420
545 422
1203 424
436 424
996 428
2248 428
1257 428
2671 428
2694 431
2695 431
1442 432
1597 432
436 433
756 433
1039 436
1494 436
668 436
483 436
1131 436
878 436
816 436
498 436
1332 436
885 436
1977 436
1978 436
1979 436
1980 436
1981 436
1982 436
1985 437
718 437
498 437
950 437
1495 437
1984 438
1985 438
1667 438
718 438
787 438
1983 438
2179 440
1296 440
725 440
895 440
441 440
1913 440
1537 441
454 441
2184 441
671 441
1455 441
1966 443
1264 443
1010 443
1531 443
2464 444
515 444
582 444
488 444
623 444
2289 444
2290 444
828 444
1507 446
903 446
2638 447
1616 447
1849 447
1824 448
1826 448
1902 448
472 448
1569 450
2538 450
935 451
2285 451
671 451
581 454
2188 454
973 454
2189 454
2190 454
1441 454
1661 454
2022 454
1917 454
2199 456
667 456
544 456
2472 456
2347 456
1580 456
1122 458
1953 458
1555 458
1276 458
1203 461
2309 461
1048 462
1702 463
1703 463
1964 463
1966 463
896 465
2304 465
1869 465
1403 465
1313 468
647 468
1311 468
1097 470
652 470
854 470
857 470
1115 470
1013 471
2394 471
2013 471
1825 472
844 472
2029 472
559 472
1182 472
1183 472
1575 473
2647 473
1181 474
930 477
2569 477
514 478
2024 478
1978 478
1880 479
2405 483
816 483
2547 488
1463 490
1131 490
1981 490
2099 490
1973 490
1879 490
2105 490
826 490
1309 490
1257 492
2538 492
688 492
2673 492
2678 492
956 492
1533 492
1244 493
1759 493
1328 495
2192 495
1327 495
992 496
596 496
711 496
2419 497
1652 498
2457 499
2458 499
1976 502
1973 504
2394 504
2396 504
1352 506
1013 506
1914 506
1918 506
1013 510
1131 510
1472 512
756 512
1692 512
1314 514
1978 514
1882 514
2464 515
2465 515
1102 515
623 515
2547 515
2104 516
1882 516
952 517
2105 517
2423 518
666 518
2097 522
803 528
2260 529
1417 529
1419 529
1894 536
1698 537
1165 537
2192 537
1593 537
1286 538
1616 539
711 539
2155 539
1441 540
747 540
2527 540
647 541
1896 541
904 541
1360 541
1022 541
984 543
2052 544
2347 544
1580 544
2199 544
809 548
1937 548
1523 548
2138 548
2388 551
1127 553
745 553
1995 553
1583 553
2009 553
685 554
1463 555
1579 559
1182 559
2526 560
774 560
1907 566
2512 569
1759 569
696 571
1570 571
2418 572
1416 572
2025 572
1313 573
643 573
2407 573
2283 575
1105 578
1974 578
1879 578
1792 581
1616 581
2548 582
2549 582
2224 583
2225 583
2464 584
623 584
2289 584
2463 584
2526 585
1218 586
1224 586
2155 586
1032 587
1441 590
1954 590
642 591
2472 591
1423 591
1078 591
1017 591
2669 592
1474 593
1115 593
2195 594
663 594
992 596
644 596
1914 596
1104 597
1093 599
1271 599
2394 600
2229 601
1351 604
1652 604
1914 604
2109 604
2287 610
2288 610
2481 610
826 610
2690 611
2235 612
1475 614
2470 614
888 614
938 618
2018 621
1332 621
1978 621
2464 623
2289 623
1232 624
1042 624
1024 625
2238 627
2335 627
973 630
2358 631
2227 634
2058 635
1090 640
894 640
2420 640
765 640
1598 640
2704 641
2472 642
1538 643
2407 643
1167 643
2177 644
711 644
728 644
1495 645
1824 645
1826 645
1895 645
1898 645
1899 645
1900 645
1901 645
1267 645
950 645
891 645
904 647
1360 647
1267 647
1441 648
1984 651
1667 651
2023 651
2024 651
2156 651
885 651
1231 653
1803 659
1028 661
1353 661
1879 661
1880 661
1881 661
1882 661
1883 661
1884 661
1885 661
935 661
807 661
830 661
932 662
2195 663
1973 666
1850 666
2472 667
2364 667
2606 670
2025 671
973 671
1907 673
1907 674
2356 675
1955 676
2235 676
954 677
1395 679
2199 680
1224 682
973 682
1257 688
2629 692
1851 693
2108 693
763 693
2516 694
1478 694
1570 696
1080 697
1691 700
739 701
2062 701
735 701
993 702
1637 702
777 702
779 702
2069 702
822 702
2070 702
1368 702
2101 702
801 703
2497 703
1961 703
963 706
805 706
2645 706
1240 706
2238 706
763 707
1896 709
1903 709
2112 711
1285 711
2111 711
2480 712
850 712
1464 712
1044 713
1385 714
1907 717
1416 718
2059 718
2261 718
1441 720
1034 721
1344 724
2394 724
2395 724
1104 725
1137 725
1652 725
2071 725
1533 726
2671 726
1070 728
1296 728
2388 728
2553 728
901 731
2199 731
2203 731
1279 731
739 735
1958 735
1543 735
2060 735
2061 735
2062 735
1237 735
1881 735
2178 737
1269 737
1974 737
2136 737
1630 737
1927 738
2162 738
1080 738
1958 739
1543 739
1237 739
1881 739
1570 743
745 743
1239 743
1127 745
1995 745
2009 745
1538 747
1333 749
2155 749
1441 750
1880 753
1269 753
2071 755
1898 755
1277 755
1472 756
2186 756
2187 756
1692 756
885 756
1469 756
1703 759
1401 761
1443 761
1147 765
2367 765
1927 769
2117 770
1894 770
1156 771
1080 771
908 772
1224 778
779 778
1370 778
1914 778
1919 778
1224 779
1973 779
1592 779
1914 779
1370 779
1919 779
2341 780
947 786
1240 789
1703 789
2592 793
1896 793
1902 793
1903 793
1793 798
1794 798
1795 798
1381 798
1961 801
2516 801
1470 801
1307 802
2100 803
1307 804
963 805
2236 805
1955 807
1956 807
1226 807
2228 809
2229 809
1115 809
1068 810
1344 815
2017 815
2018 815
1174 815
2405 816
2282 816
1842 816
1980 816
1999 818
1973 822
2528 826
2287 826
1921 827
1999 827
1039 827
2464 828
1795 828
2100 830
1914 830
2600 832
1422 837
2248 837
2670 837
868 838
2280 838
1131 838
2481 840
1903 840
2016 842
1902 844
2189 847
2422 847
2278 850
1464 850
2018 851
1309 851
935 854
1097 854
857 854
1884 854
2248 856
1390 856
1097 857
1246 857
2653 865
2276 868
1195 868
2099 868
1844 868
1526 868
988 868
1341 868
885 878
2326 878
1013 880
973 880
2024 885
1039 885
2386 885
1475 888
1556 888
1314 890
1269 890
2608 891
1674 891
1845 894
2367 894
1187 895
1296 895
1913 895
1152 897
1410 897
1156 897
1907 897
1494 897
2295 897
1983 897
1835 898
1836 898
2160 898
2186 901
1042 901
2199 901
2073 901
1279 901
2030 903
2031 903
1312 904
1959 904
1360 904
1916 907
1351 907
1013 908
2639 917
2293 921
2134 921
1914 921
1307 922
1406 922
1222 925
1316 927
2140 927
2569 930
2356 934
973 935
2027 938
2173 939
1829 940
2517 941
1924 942
2138 944
1512 945
2388 945
1911 945
1966 946
2623 946
2565 953
2566 953
2567 953
1112 954
1482 955
1914 955
2677 956
2529 959
2434 963
1157 963
1417 963
1443 963
1703 963
2240 963
1094 963
2399 963
2400 963
2401 963
1141 963
2659 967
1650 971
2016 973
2019 973
2153 973
1583 973
1142 973
1496 974
2097 975
2265 984
1068 984
2697 986
1507 989
2436 989
2285 989
1645 989
2155 993
2385 995
1912 995
1309 995
2248 996
1257 996
1135 996
2518 996
2662 1001
1541 1005
1922 1008
1416 1008
2059 1008
2575 1008
1966 1010
1675 1013
1293 1013
1583 1013
1840 1013
1842 1013
1843 1013
1844 1013
1845 1013
1846 1013
1464 1013
1847 1013
1848 1013
1849 1013
1850 1013
1851 1013
1625 1013
1120 1013
1644 1013
1521 1013
1403 1013
1661 1013
1475 1017
2472 1017
2309 1021
1961 1022
1962 1022
1963 1022
1168 1022
1276 1022
1042 1025
2394 1027
2166 1029
2562 1036
2051 1042
2052 1042
1925 1042
1926 1042
1047 1042
2073 1042
2333 1042
1198 1042
1481 1042
1118 1042
1125 1042
1517 1042
2309 1043
2336 1046
1510 1046
2387 1046
2587 1046
1588 1047
2333 1047
2563 1050
2564 1050
1230 1050
1569 1050
1634 1050
1380 1050
1320 1050
1081 1050
1342 1050
1405 1053
2482 1056
1195 1058
1600 1059
1441 1060
1829 1070
1167 1070
1470 1070
2248 1071
1257 1071
2671 1071
1135 1071
1675 1074
1676 1074
1501 1074
1218 1079
1914 1079
2344 1080
2162 1080
2563 1081
2386 1082
1534 1082
2114 1083
1450 1083
1232 1083
1421 1085
2394 1085
2109 1085
2110 1085
2434 1087
1093 1090
1271 1090
1147 1090
1598 1090
2367 1090
1271 1093
1598 1093
2367 1093
1443 1094
1653 1094
1369 1094
1869 1097
1115 1097
2464 1102
2465 1102
2290 1102
1207 1102
2264 1104
2671 1109
2674 1109
2675 1109
1533 1109
1120 1110
1224 1110
2025 1110
2295 1110
1650 1113
2276 1115
1529 1115
1416 1118
2155 1118
2025 1120
1583 1120
2194 1120
1410 1121
1131 1121
1655 1121
2136 1121
2332 1125
1583 1127
1441 1128
1954 1128
2275 1128
1538 1131
2185 1131
1930 1131
1215 1131
1224 1131
1500 1131
2280 1131
2281 1131
2155 1131
2282 1131
1133 1131
2283 1131
1909 1131
1655 1131
1538 1133
2185 1133
1500 1133
2248 1135
1257 1135
2671 1135
2518 1135
2678 1135
2248 1138
2250 1138
2294 1141
2326 1142
2371 1147
1598 1147
2367 1147
1927 1152
2155 1152
2416 1152
1401 1153
2240 1157
2463 1157
1510 1162
1402 1163
2132 1163
1593 1165
1955 1168
1476 1170
1912 1174
2394 1174
1984 1178
2350 1178
1908 1178
1529 1178
1955 1179
1579 1182
1183 1182
1824 1183
1825 1183
1354 1183
1579 1183
2100 1184
1190 1184
1992 1185
2349 1185
1460 1185
2358 1185
2589 1185
2590 1185
1188 1187
1387 1190
1366 1194
2670 1194
2336 1202
1510 1202
1428 1202
2524 1202
1410 1203
2155 1203
1842 1203
1215 1203
1257 1206
2671 1206
2464 1207
2290 1207
1648 1210
1894 1215
2116 1218
1927 1218
1224 1222
1291 1224
1583 1224
1587 1224
1975 1224
1848 1224
1851 1224
1341 1224
1370 1224
2151 1224
2152 1224
2153 1224
2154 1224
2155 1224
2156 1224
1525 1224
1526 1224
1660 1224
1919 1224
2528 1226
1955 1226
1956 1226
1269 1227
1342 1230
2433 1233
1702 1234
1703 1234
1966 1234
2479 1236
1958 1237
2611 1239
2027 1239
1443 1240
1702 1240
2237 1240
1679 1247
2248 1255
2248 1257
2249 1257
2518 1257
2538 1257
2671 1257
2673 1257
2677 1257
2679 1257
2678 1257
2342 1259
2250 1260
1559 1260
1407 1263
1531 1264
1984 1266
1529 1266
1824 1267
2309 1268
1929 1268
1314 1269
2227 1269
1880 1269
1630 1269
2367 1271
1468 1275
1962 1276
2186 1279
2203 1279
1309 1288
2154 1291
1660 1291
2418 1293
1912 1296
1910 1296
1911 1296
1913 1296
2703 1298
1315 1301
1316 1301
2140 1301
1444 1307
2536 1307
2178 1309
1677 1309
1741 1309
1625 1309
1882 1309
2015 1309
2102 1309
2103 1309
1338 1309
2692 1310
1312 1311
1313 1311
1313 1312
2407 1313
1679 1316
2661 1318
2662 1318
1349 1320
1491 1320
2684 1320
2265 1322
2265 1324
1328 1327
2161 1327
2160 1328
2024 1332
2312 1333
2195 1333
1973 1333
2385 1338
1912 1338
2425 1341
1507 1343
2316 1343
1645 1343
2165 1343
1928 1344
2315 1344
1634 1349
2684 1349
1443 1350
1362 1351
2134 1351
2282 1351
1972 1351
1592 1351
1535 1351
2270 1354
1613 1356
2025 1357
2170 1357
2278 1359
2480 1359
1464 1359
1914 1359
1960 1360
1902 1360
1904 1360
1650 1360
2491 1360
1914 1362
1372 1362
1702 1365
1703 1365
2509 1365
2519 1365
2248 1366
1911 1368
2553 1368
1653 1369
1530 1369
2274 1370
1525 1370
2485 1370
1975 1370
1919 1370
1393 1371
2586 1375
1848 1376
1840 1377
2069 1377
2070 1377
2388 1377
2150 1378
1544 1378
2058 1378
1380 1379
2564 1379
2564 1380
1794 1381
2335 1385
2681 1390
2137 1394
2189 1395
2266 1395
2267 1395
1421 1396
2228 1396
1399 1396
2394 1396
2395 1396
2109 1396
2309 1399
2227 1399
2394 1399
1501 1399
1585 1401
1482 1402
1616 1402
1972 1402
1919 1402
2317 1403
2375 1404
1508 1405
1894 1405
2387 1406
1826 1408
1828 1408
1829 1408
1553 1408
1826 1409
1827 1409
1828 1409
1553 1409
1655 1410
1415 1414
2270 1414
2269 1415
1921 1416
1922 1416
1923 1416
1924 1416
1925 1416
1926 1416
1468 1416
1703 1417
2350 1417
2260 1417
1529 1417
2259 1419
2260 1419
2394 1420
2396 1420
1421 1420
1975 1421
2394 1421
2109 1421
2110 1421
1692 1423
2336 1428
1429 1428
2520 1428
2524 1428
1534 1428
2520 1429
1534 1429
1927 1435
2071 1435
2059 1435
2259 1436
1688 1437
2664 1438
2676 1439
1954 1441
1700 1441
1958 1441
1707 1441
1619 1441
2271 1441
2272 1441
2273 1441
2274 1441
2275 1441
2462 1442
2240 1443
2645 1443
2399 1443
2323 1444
1928 1447
2681 1449
2564 1451
1537 1455
2358 1460
2349 1460
2248 1461
1634 1461
2131 1463
2132 1463
2133 1463
1695 1463
1482 1464
1683 1464
1914 1464
2346 1469
2349 1469
2358 1469
1498 1469
1692 1469
2590 1469
1824 1470
1953 1470
1555 1470
2553 1470
2187 1472
1692 1472
1908 1474
2261 1474
2335 1474
2469 1475
2470 1475
1902 1478
1669 1481
2332 1481
2335 1481
2132 1482
1973 1482
2498 1484
2520 1484
1914 1485
2017 1487
1849 1487
2137 1487
1501 1487
2025 1498
2349 1498
2590 1498
1538 1500
2185 1500
1676 1501
2228 1501
2395 1501
2209 1504
1647 1504
2436 1507
1645 1507
2117 1508
1894 1508
2387 1510
1519 1511
2023 1512
1692 1514
2640 1519
2108 1519
1534 1519
2335 1519
2449 1523
1973 1525
1914 1525
2099 1526
1879 1526
2425 1526
1977 1526
1981 1526
2274 1527
1668 1527
1984 1529
2350 1529
1908 1529
2464 1530
2240 1530
2648 1532
2671 1533
2155 1535
2293 1535
1916 1535
2185 1538
1842 1538
1914 1539
2029 1543
1881 1543
2248 1545
1901 1549
2286 1549
1827 1553
2688 1554
1657 1554
2686 1554
2687 1554
1953 1555
2363 1555
2633 1563
1966 1569
2497 1578
2029 1579
1892 1580
2199 1580
2200 1580
1995 1583
2025 1583
1653 1585
2154 1587
2333 1588
2485 1592
2071 1592
1914 1592
2367 1598
1671 1614
2050 1616
1849 1616
2269 1619
2227 1630
2393 1634
2139 1636
2141 1636
1973 1637
2679 1639
1688 1639
2209 1647
2160 1647
1972 1652
1848 1652
2384 1655
2136 1655
1894 1655
2282 1655
1839 1655
1842 1655
2295 1655
2688 1657
2686 1657
2018 1658
2154 1660
1851 1661
1892 1669
2332 1669
1929 1671
1968 1671
2136 1671
2137 1671
2660 1673
2608 1674
1914 1674
1676 1675
1914 1675
1975 1676
1914 1676
1908 1677
2140 1679
2132 1683
1973 1683
2647 1686
2671 1688
2112 1690
2186 1692
2187 1692
2345 1692
2346 1692
2347 1692
2349 1692
2302 1692
2133 1695
1713 1696
2160 1698
1703 1702
1966 1702
1970 1702
1971 1702
2238 1702
1966 1703
1967 1703
1968 1703
1969 1703
1906 1703
1970 1703
1971 1703
2238 1703
1898 1713
2593 1741
2485 1792
1795 1794
1796 1794
2464 1795
1796 1795
2299 1795
2297 1796
1825 1824
1826 1824
1827 1826
1829 1826
1828 1827
1902 1829
2160 1835
2157 1835
2453 1839
2424 1839
2071 1840
2405 1842
2281 1842
1979 1842
1980 1842
2276 1844
2117 1846
1867 1846
2357 1846
2419 1848
1909 1848
1914 1849
2485 1851
2117 1867
2309 1869
1958 1881
1958 1884
1885 1884
2644 1885
2117 1894
2118 1894
1897 1896
1903 1897
1902 1899
2510 1899
2491 1899
2608 1900
1954 1901
2284 1901
2286 1901
1903 1902
1904 1902
2592 1903
1960 1903
2269 1903
1960 1904
1914 1905
2059 1906
1964 1906
1907 1906
2553 1911
2404 1912
2102 1912
2103 1912
1920 1914
2388 1914
1915 1914
1916 1914
1917 1914
1918 1914
1919 1914
2649 1915
2457 1917
1926 1920
2310 1920
2422 1920
2653 1920
1927 1923
1927 1924
2620 1925
2051 1926
2052 1926
2189 1926
1928 1927
1929 1927
1930 1927
2475 1928
2317 1928
1938 1937
1955 1954
1956 1954
1958 1954
2275 1954
1956 1955
2235 1955
2621 1959
2491 1960
1963 1962
1965 1964
1966 1964
1971 1966
2236 1969
2238 1969
1976 1973
1975 1973
1974 1973
2109 1975
2110 1975
2178 1979
2405 1979
1980 1979
2405 1980
2025 2009
2016 2010
2071 2015
2071 2016
2467 2017
2019 2018
2418 2021
2190 2022
2217 2023
2178 2024
2156 2024
2027 2025
2028 2025
2112 2030
2436 2031
2485 2050
2364 2051
2150 2058
2070 2069
2098 2097
2425 2099
2101 2100
2385 2102
2385 2103
2110 2109
2436 2112
2509 2114
2519 2114
2588 2114
2117 2115
2519 2115
2118 2117
2133 2131
2282 2135
2140 2139
2141 2139
2142 2141
2423 2151
2385 2152
2155 2153
2293 2155
2294 2155
2295 2155
2158 2157
2159 2157
2160 2157
2160 2159
2161 2160
2217 2164
2282 2164
2171 2170
2174 2173
2371 2177
2367 2177
2199 2186
2194 2193
2195 2194
2200 2199
2511 2203
2356 2211
2224 2222
2225 2222
2224 2223
2225 2224
2226 2224
2228 2227
2394 2228
2395 2228
2237 2236
2238 2237
2240 2238
2239 2238
2399 2240
2249 2248
2671 2249
2518 2249
2337 2259
2335 2259
2490 2263
2321 2266
2267 2266
2364 2266
2270 2269
2375 2270
2405 2281
2285 2284
2286 2285
2288 2287
2464 2289
2464 2290
2496 2290
2298 2297
2299 2297
2385 2304
2336 2335
2524 2336
2344 2343
2475 2344
2349 2346
2358 2349
2356 2355
2357 2355
2357 2356
2368 2367
2369 2367
2370 2367
2371 2367
2370 2368
2370 2369
2395 2394
2396 2394
2397 2394
2434 2399
2434 2401
2435 2401
2411 2410
2417 2416
2426 2425
2428 2427
2432 2431
2438 2437
2649 2457
2458 2457
2465 2464
2468 2467
2648 2473
2484 2483
2519 2509
2517 2516
2538 2518
2566 2565
2567 2565
2603 2602
2619 2618
2701 2624
2626 2625
2635 2634
2636 2634
2693 2636
2666 2665
2679 2670
2672 2671
2673 2671
2674 2671
2675 2671
2675 2674
2682 2679
2683 2681
2688 2687
2695 2694
